0,1.01157879523544,0.93008197119959,0.835599935385527,0.867520384554606,0.771041983698829,0.855767506281195,0.879754342287164,0.726974856101079,0.888666310194989,0.837674009996014,0.881189298273407,0.860483160523414,0.783068325391241,0.87103619355502,0.848400141809254,0.956849603385143,0.967423485912483,1.04557940292012,0.901234158352949,0.848624452463896,0.874700451375407,0.926106370787292,0.893893645033023,0.859626531326126,0.900275134510658,0.89091576112016,0.901350663344549,0.875713299156627,0.908000145921578,0.976710790253675,0.857225221257969,0.90917346219011,0.826855216987174,0.851071764405734,0.941646663585568,0.911902104552265,0.864427637071828,0.921786476205072,0.918828034113892,0.876057548216437,0.831158845655352,0.959831099919401,0.920926640428479,0.792385234056084,0.892696013932582,0.890876683824521,0.851937049074878,0.91546291070636,0.867552327067247,0.770050705220046,0.844339027924989,0.893236196879371,0.826262140989351,0.833482405330491,0.96511300625003,0.818628887163045,0.932478116347197,0.883790482639907,0.8636313851356,0.896813463902318,0.892033990997483,0.907391975642761,0.885819424418023
1.01157879523544,0,1.03751276838514,0.755301399879011,0.841563992892557,0.878338861834839,0.807676883946966,0.813719414110369,0.877236912873008,0.857984522235143,0.74443076240105,0.880030283460413,0.918545157791772,0.810171928071914,0.810121868105934,0.846815232114257,0.806883528558861,0.900695667124254,0.871291486650349,0.88816120350304,0.834639167178318,0.931106628202363,0.805016339576934,0.801974804940206,0.893317491928084,0.835225043496992,0.904958418824053,0.825856429389245,0.897277202564205,0.882517611791679,0.891465409224026,0.892535135956874,0.884114630596684,0.924578940871124,0.95613877800829,0.84261680098791,0.944402258506785,0.828425435428172,0.913683483829647,0.787404995321754,0.858065969241498,0.934128558818899,0.949732964747291,0.907548131779553,0.865867191215584,0.858310072937939,0.972866656206165,0.92151565853378,1.0068209066034,0.959085960978289,0.894909573867262,0.924035902111525,0.809425385431943,0.890654796993679,0.904562143978245,0.878103305223247,0.911239145837563,0.920856956257659,0.938774688462332,0.862134610461488,0.936536116636386,0.808708535228643,0.857597004567603,0.851863524128886
0.93008197119959,1.03751276838514,0,0.883290278711504,0.810041101908732,0.871720122292355,0.85312890406362,0.891134028829584,0.816497863884557,0.861269003649664,0.856034979373221,0.808879751137097,0.727555467806454,0.919167672840376,0.871979086452095,0.847322465994508,0.918956389773955,0.889356529482453,0.966294295863919,0.854501887754819,0.88412200308398,0.913474278129502,0.913147805049759,0.978650003100212,0.792531367805048,0.945092717949326,0.802298843087086,0.936596824614679,0.886932428565782,0.85813359319357,0.873055990517787,0.911215108288802,0.927815873929362,0.888802785463692,0.932324600285452,1.02616592613803,0.949562182723069,0.967362799170691,0.734745144467169,0.897791744455533,0.899793953369714,0.816679802697929,0.892058016344391,0.931730637419267,0.959476641003267,0.982747186640435,0.908640267931093,0.891459297862795,1.08748080208463,0.84074465733605,0.911117032532313,0.92054621613981,0.867653783009682,0.888186158226288,0.890271848358666,0.951259577802979,0.854740722522181,0.846101322933498,0.889905867941961,0.911968325646927,0.786840369316708,0.864707898460791,0.877080152903453,0.86857598079201
0.835599935385527,0.755301399879011,0.883290278711504,0,1.00335988856713,0.886215055841006,0.795911455983243,0.905868422142923,0.846240085732226,0.852068918205344,0.780373500616119,0.906273800594272,0.910201766860113,0.860145826986095,0.81196350808887,0.813593607916205,0.842405961294761,0.876182514712359,0.762401215383145,1.02619195159698,1.0279336251469,0.944160071308854,0.835496243290825,0.873751129202711,0.873526485803108,0.817150402519494,0.920604243655204,0.829031047210148,0.838209201618208,0.932278417714772,0.931041164061201,0.897720800448224,0.940503336502894,0.919589501321534,0.843752248370929,0.820259396362675,0.897298092253994,0.912911246685743,0.933994754811338,0.756333916311666,0.846322744090969,0.878474941548315,0.948434362550963,0.836138379957929,0.852891802347004,0.852778527703897,0.89983720632722,0.962037962082235,0.852003003619542,0.917978809505769,1.00084038112437,0.830222930863208,0.791696029107084,0.885796873719086,0.86564267743542,0.851004196102035,0.892561343746995,0.949189654905564,0.902597039843794,0.88147568409173,0.934963063611183,0.793892510719112,0.849989904552925,0.822269247883239
0.867520384554606,0.841563992892557,0.810041101908732,1.00335988856713,0,0.959826658948312,0.930410697171735,0.782700604729743,0.892528884354479,0.848667838663176,0.862088065731365,0.803610823373199,0.805491555199584,0.890899883767664,0.890288871489392,0.910147817269887,0.857438305896606,0.81577417140443,0.858250107226898,0.826016714561869,0.944134737602879,0.868055748791275,0.89911208641393,0.820313839895056,0.883266949719898,0.894816787111716,0.800125268832626,0.890434148713232,0.89072375152486,0.805354667836346,0.824640219056248,0.824086538630402,0.910647728037446,0.933217184751916,0.925539182833356,0.859281481102721,0.935348380794404,0.90055711758802,1.00168657409191,0.92189378173234,0.855497622706876,0.933324514855717,0.88453407759208,0.92901297779283,0.911014874916197,0.898075608847907,0.907360523614891,0.822024449290063,0.946646017523017,0.892993377584941,0.99457736060922,0.927876337190544,0.814855031702846,0.877633942565967,0.883751055385782,0.972350090847843,0.957671874795557,0.805588480328699,0.88929187304468,0.886835198954698,0.789100721459579,0.925432799431954,0.895757072010715,0.885376110127773
0.771041983698829,0.878338861834839,0.871720122292355,0.886215055841006,0.959826658948312,0,1.02988695504451,0.905901071281056,0.726548631091662,0.867033685560049,0.874547895237959,0.867833254105683,0.893504891745285,0.80034581096103,0.904975439820378,0.834417179910526,0.93057903356257,0.923894870952935,0.937142652125549,0.947226537892207,0.926150356719134,0.959213109012715,0.916259289444589,0.914026768871631,0.882724357587507,0.9107149909104,0.926287056441117,0.921752325538363,0.896496822387283,0.919145352360179,0.942783431953184,0.810304773403496,0.904534481256462,0.800587608760312,0.827368204319754,0.921574294463427,0.832346871873759,0.89830778879058,1.06151949019434,0.966575467502217,0.893478973450975,0.836473650936554,0.926540309651611,0.899473609699731,0.773150232397367,0.851252098685337,0.875030668911712,0.873503065245189,0.781764403751596,0.848884843233362,0.819439824774735,0.840820143493882,0.900246712773103,0.843857825118363,0.81109997219606,0.923856410622861,0.856020206187972,0.944167164509966,0.859528532593391,0.859762914005876,0.897142788624879,0.93235804247096,0.92979026921475,0.91351713751569
0.855767506281195,0.807676883946966,0.85312890406362,0.795911455983243,0.930410697171735,1.02988695504451,0,0.916019551608407,0.879665786409463,0.832780808194242,0.81241979995026,0.859691630119092,0.873972213254317,0.891770359298569,0.770357320026246,0.855275882613738,0.864430637563675,0.915160605190915,0.803301683227938,0.939417083083135,0.916848193020836,1.06556160135093,0.803383120427573,0.890748154827198,0.899289296164908,0.846979488057092,0.907340118739934,0.825537300034042,0.814399967704759,0.901928114942127,0.909977620484958,0.969974954225943,0.975082884981565,0.947778914099564,0.868072760450162,0.825535945786492,0.845986692314556,0.878139960521157,0.923487139381162,0.949400450799114,0.858609393011982,0.871910947099241,0.929620011579858,0.835636689695565,0.903154780544009,0.905510922594972,0.899668517774915,0.962791983760813,0.921245492262725,0.91531714412815,0.94887733789765,0.950722977946667,0.856868591924311,0.935258931197156,0.89015422651236,0.832776052261139,0.907740518134426,0.917241243971516,0.939259282945303,0.953553815805356,0.921292372539843,0.798770715510474,0.863043964311027,0.82455209754741
0.879754342287164,0.813719414110369,0.891134028829584,0.905868422142923,0.782700604729743,0.905901071281056,0.916019551608407,0,1.01016518664575,0.866556319053871,0.815040076499908,0.775446258107721,0.902022557853727,0.8659924173705,0.888591462021457,0.935267065320648,0.849835619112165,0.810205946204295,0.832341033520761,0.857736752913532,0.766779347608616,0.914864907085563,0.885165783399445,0.84673512097375,0.90524472404095,0.87036206887052,0.824365630446015,0.890069733748841,0.898391145871535,0.835365386648794,0.837103168125813,0.882420872967093,0.853701011734923,0.926582455459835,0.947239416250935,0.861726572702098,0.924142393342011,0.811593793319676,0.934776257240165,0.933736656360729,0.879937930300441,0.937238035316284,0.90921862820869,0.943429332271934,0.934704973747916,0.896435005338462,0.902850052979167,0.866371883148087,0.906858036508407,0.921639078791315,0.915508623144222,1.01092728968322,0.935906877440411,0.991388198053086,0.944297687755995,0.944229147252355,0.941203228660009,0.864453061257199,0.920623807384815,0.881989339327727,0.870394423658365,0.867010840893938,0.853628824142518,0.862940787354217
0.726974856101079,0.877236912873008,0.816497863884557,0.846240085732226,0.892528884354479,0.726548631091662,0.879665786409463,1.01016518664575,0,0.835704793388505,0.858337137693354,0.861938760542128,0.866500824442289,0.725769006162548,0.862546356620491,0.818937278867499,0.887257439575097,0.903792876618516,0.889965738165021,0.921610845354895,0.841196375553432,0.969266663261916,0.952810189825918,0.90907467913234,0.842077454589034,0.937204301880882,0.900049829164736,0.953645511424298,0.87501432292897,0.891272583004696,0.936261338499752,0.881495242166589,0.905361839262743,0.763949014935771,0.822932215638653,0.919671818664293,0.826136435057989,0.85925444188318,0.839125132977907,0.884677177150707,0.93213104188918,0.83023444496987,0.955045582453497,0.892288141216827,0.741689844937731,0.859975334443437,0.864582696466555,0.841372505756811,0.791940652352271,0.79410343346213,0.715748934970491,0.875408632762478,0.994172107013627,0.831946034788852,0.81245792583264,0.930921827162302,0.768890049566638,0.896460237661594,0.831733398316392,0.7473612640198,0.848415282266621,0.886930238933789,0.853533131516777,0.848579260412441
0.888666310194989,0.857984522235143,0.861269003649664,0.852068918205344,0.848667838663176,0.867033685560049,0.832780808194242,0.866556319053871,0.835704793388505,0,1.01097830302508,0.915036724348957,0.851708180401021,0.893838446676237,0.879836996461782,0.88940704460256,0.864485916073268,0.888083736467554,0.811881369925473,0.877043135090716,0.845096448988584,0.887990831339492,0.901781792394068,0.927369709706073,0.9513983468374,0.864759756952567,0.935218742613206,0.860965448288617,0.802197937640517,0.848485859478884,0.879260002851456,0.863613071207805,0.938674533256599,0.965069270156592,0.846363615715474,0.8933413845799,0.805401484239927,0.889439314626334,0.924673127657116,0.896286963318232,0.922610120320602,0.957451443656347,0.926500374335868,0.80990842016934,0.976442153060041,0.885396171040125,0.828287382917182,0.900459284598926,0.925505705770128,0.892444962894881,0.875480712986481,0.828344196531045,0.864089658559958,0.90328777889854,0.880293892776009,0.829657890025042,0.948786095916973,0.880285754775225,0.819661100985543,1.1089495581054,0.912304157514557,0.882777229738311,0.858142514124422,0.822924625625723
0.837674009996014,0.74443076240105,0.856034979373221,0.780373500616119,0.862088065731365,0.874547895237959,0.81241979995026,0.815040076499908,0.858337137693354,1.01097830302508,0,1.00117981439469,0.905540885311873,0.80223465274437,0.800800992832897,0.815633228800653,0.803532553079111,0.842478763267885,0.798695212781245,0.923416624783523,0.839661924585826,0.907807526311492,0.802903852429893,0.799979724932185,0.91286902177124,0.862088339065004,0.935480599046176,0.895668369512464,0.896213527289794,0.880545804284161,0.859733015686692,0.93911708197446,0.882791365025233,0.921384422418462,0.922725355363805,0.809362284077193,0.93292461874548,0.814735669182595,0.897035484586107,0.755979638285738,0.816229932163949,0.932103828194067,0.938287172919256,0.899124418197706,0.983317620619774,0.884533754364464,0.948368614973104,0.921231401848253,0.918755817225648,0.898915607503084,0.888278456757588,0.917808359763806,0.817282001865391,0.898183240906675,0.910672598411269,0.896692597650856,0.877760164192706,0.931430511962167,0.954875442591749,0.952815957693871,0.956908937914202,0.782480457593788,0.827189217032395,0.875604081349228
0.881189298273407,0.880030283460413,0.808879751137097,0.906273800594272,0.803610823373199,0.867833254105683,0.859691630119092,0.775446258107721,0.861938760542128,0.915036724348957,1.00117981439469,0,0.837290121016355,0.893928423649127,0.901816577970726,0.909324462744255,0.857898751901768,0.804676760644029,0.860600645820575,0.811796825706519,0.806106703496058,0.842930567677784,0.903977873104008,0.856781636279264,0.88970856669218,0.913082259707593,0.798726976209374,0.982240394655209,0.930146549651001,0.838165665400042,0.793446562124742,0.842329278477853,0.892582920064947,0.931983107084516,0.912918821843692,0.891672791850246,0.913864272466973,0.863588354456676,0.892080998354625,0.898043478563101,0.850427899536289,0.930837493136706,0.880335355794646,0.93488419211342,1.06779321397978,0.886230043045746,0.872680620617256,0.816392324066636,0.923156393945005,0.90993260120405,0.910989050413965,0.900359730687912,0.863569807105823,0.937679956170125,0.880836356115821,0.96439161741014,0.939944638240888,0.844008755632783,0.899657133185325,0.966046219621327,0.900966960178942,0.934912833505587,0.866270924723297,0.902710339153083
0.860483160523414,0.918545157791772,0.727555467806454,0.910201766860113,0.805491555199584,0.893504891745285,0.873972213254317,0.902022557853727,0.866500824442289,0.851708180401021,0.905540885311873,0.837290121016355,0,0.998879754618212,0.9153633249292,0.868348917283863,0.903159307437512,0.855403918605981,0.892427742956813,0.821556085685045,0.924904070629916,0.875650937167338,0.925143312374295,0.924550843571547,0.784404226180081,0.885123292296278,0.76016588063281,0.973589309258291,0.972898159871306,0.989892312095818,0.915757535917987,0.822392463987681,0.960498024933392,0.906664683958709,0.914091202204375,0.894954635331509,0.884699961052371,0.946496550319676,0.760689719967494,0.891721366590549,0.885126133033026,0.85569585011798,0.886049840872906,0.969902596039176,0.952901224955592,1.08935827974628,0.939191477001106,0.907157022089991,0.96858771552971,0.861536123995898,0.91403273505941,0.925310762196313,0.832817540681445,0.903672169745177,0.92446093555889,0.925764636711472,0.906228556720182,0.820870650633069,0.95297698069793,0.874939738622704,0.829806874820751,0.966224529982967,0.899334403075327,0.820916172181033
0.783068325391241,0.810171928071914,0.919167672840376,0.860145826986095,0.890899883767664,0.80034581096103,0.891770359298569,0.8659924173705,0.725769006162548,0.893838446676237,0.80223465274437,0.893928423649127,0.998879754618212,0,0.910261724827672,0.847890608554727,0.920532621242505,0.893657540531538,0.880072507801792,0.954738654386891,0.865803606256532,0.894720065538556,0.893568347435709,0.932079261179503,0.866230093796714,0.925375162124202,0.950393513061367,0.867007900251839,0.923089540516755,0.958581385728854,1.09936446319443,0.904387988596995,0.870388839515961,0.804461332672024,0.879464725373518,0.87030894409748,0.939502956502426,0.823245944210656,0.883776209590642,0.855043887911789,0.84931395298326,0.824985046003107,0.930286302899933,0.911424622038917,0.697047661011849,0.953602067314258,1.06975551677066,0.902318212176069,0.803215336022186,0.804621799773011,0.78352251805193,0.817254320681648,0.891042355560521,0.82535131490159,0.845146337198616,0.972220261275968,0.772641143096385,0.941882172131338,0.948147241763013,0.777352804980374,0.908654557935353,0.95952376300492,0.912320161235167,0.885576282895003
0.87103619355502,0.810121868105934,0.871979086452095,0.81196350808887,0.890288871489392,0.904975439820378,0.770357320026246,0.888591462021457,0.862546356620491,0.879836996461782,0.800800992832897,0.901816577970726,0.9153633249292,0.910261724827672,0,0.998249642290163,0.909621719984841,0.91121986867548,0.862873991271045,0.955742792673008,0.889862986215484,0.927818683204641,0.847750347828146,0.923208056607477,0.912619718170201,0.883175890133274,0.898050319136297,0.858818578695272,0.860806847628741,0.926124695368216,0.909407793418998,1.05042501693897,0.86670320811245,0.953164246581899,0.895445198932927,0.839357063874459,0.915141573958522,0.871924855952076,0.873501866866167,0.824884125895903,0.860437680388915,0.880856417483352,0.928076853386396,0.902790383938299,0.91735189811866,0.913140468024142,0.91468209738628,1.09208301304355,0.87103804027929,0.920674219798465,0.910017075174668,0.858447249228262,0.874064074215839,0.948254568017346,0.901450038163328,0.909507535115812,0.87303587297819,0.940454635505873,0.893277219642534,0.893144386897841,0.936356631121506,0.768929661979289,0.883878235809635,1.08521154331198
0.848400141809254,0.846815232114257,0.847322465994508,0.813593607916205,0.910147817269887,0.834417179910526,0.855275882613738,0.935267065320648,0.818937278867499,0.88940704460256,0.815633228800653,0.909324462744255,0.868348917283863,0.847890608554727,0.998249642290163,0,0.927009326158722,0.906732289686642,0.894178242314452,0.951196004923018,0.924407380929401,0.969356017711226,0.881101000086848,0.919225127378284,0.849056891058246,0.881846348764606,0.939001669294764,0.92721190005773,0.875464912263926,0.925811273324169,0.944251919392546,0.978759066344681,0.919063630202437,0.905058623143292,0.885555048070018,0.927887709503802,0.872793162437951,0.883310659849284,0.885650326256153,0.798563892347545,0.9186747646383,0.891757403319115,0.94860077557437,0.91142469234306,0.911218247962224,0.867042608750886,0.879582050190282,1.04034351456537,0.841673201282295,0.85840992241435,0.880633213739388,0.86168203679786,0.882986256955173,0.882217525495645,0.888959678463566,0.846575074599673,0.868039763973532,0.93570764914145,0.886496924651705,0.86332569804738,0.884940579394358,0.81024187787116,0.90641861466235,1.10866675106749
0.956849603385143,0.806883528558861,0.918956389773955,0.842405961294761,0.857438305896606,0.93057903356257,0.864430637563675,0.849835619112165,0.887257439575097,0.864485916073268,0.803532553079111,0.857898751901768,0.903159307437512,0.920532621242505,0.909621719984841,0.927009326158722,0,0.887781536007991,0.792671887233458,0.891727611002646,0.809301296166653,0.880363992709821,0.817321029312191,0.787577734393105,0.84337693882229,0.80868285484129,0.826119034246841,0.817092374480429,0.836135603973869,0.829912497496571,0.833628957453925,0.873227146964207,0.950697836845565,1.10863960224354,1.05559416232442,0.799463314625199,0.89555839058124,0.769470132847863,0.925704567681015,0.813086211113593,0.838522131654416,0.922133598371109,0.895863028689212,0.847515940261777,0.908913061047404,0.855559073769566,0.859000306295133,0.855646340538339,0.913808711311891,0.928304840400018,0.950933306466539,0.903276683889984,0.811965421691335,0.96149931693836,0.90788989075122,0.911977627787454,0.926642323038865,0.901264070719147,0.896315456811202,0.908062353934561,0.892468089135503,0.844625248710285,0.832427328541139,0.883298691656811
0.967423485912483,0.900695667124254,0.889356529482453,0.876182514712359,0.81577417140443,0.923894870952935,0.915160605190915,0.810205946204295,0.903792876618516,0.888083736467554,0.842478763267885,0.804676760644029,0.855403918605981,0.893657540531538,0.91121986867548,0.906732289686642,0.887781536007991,0,0.932990051815165,0.795914196593242,0.775798327640659,0.792275568769029,0.903714601487583,0.800010607695576,0.853948814465389,0.852370975445024,0.787785999024036,0.866541936251748,0.890220657921186,0.788552442840774,0.812199387307104,0.852617445766445,0.900164968193054,0.957031407715166,1.04009361328926,0.879340900650249,0.910384999865908,0.83422029811617,0.929295183397496,0.902529707090304,0.804587969733113,0.917585486784363,0.860098354547653,0.876123983177692,0.903645983138943,0.860985604662901,0.888104692370687,0.830867024566346,0.987306548313574,0.914249394826881,0.884066229371324,0.903259428398129,0.826569799668309,0.918162460591863,0.895757237591456,0.941648737544221,0.949610935776331,0.83273902274536,0.882303687848415,0.889960265807724,0.849990692701214,0.892407072164405,0.871022275727233,0.883436350949876
1.04557940292012,0.871291486650349,0.966294295863919,0.762401215383145,0.858250107226898,0.937142652125549,0.803301683227938,0.832341033520761,0.889965738165021,0.811881369925473,0.798695212781245,0.860600645820575,0.892427742956813,0.880072507801792,0.862873991271045,0.894178242314452,0.792671887233458,0.932990051815165,0,0.854406276821939,0.780049641729298,0.910848920460604,0.780054458826505,0.799275629806764,0.851970774018432,0.752409002727412,0.848737714963474,0.765068272348759,0.785851151414626,0.850764100024254,0.814555915845922,0.885907842395327,0.927623337322337,0.967555541001186,0.93296177747352,0.844802678366736,0.873841201885412,0.818381643124615,0.965460643122373,0.827383914862793,0.818503107872881,0.935684642956866,0.916423772398846,0.845331210048676,0.950446407265065,0.857551446867987,0.888426136993645,0.929763318315561,0.962853838258151,0.977155663417064,0.916056037625412,0.908155272001437,0.813291982716681,0.914251568706772,0.880466734710069,0.873648001640387,0.91325000740468,0.892359710426142,0.88120249740991,0.918513301785907,0.923239148168959,0.808127679628559,0.841065877597288,0.854871896726848
0.901234158352949,0.88816120350304,0.854501887754819,1.02619195159698,0.826016714561869,0.947226537892207,0.939417083083135,0.857736752913532,0.921610845354895,0.877043135090716,0.923416624783523,0.811796825706519,0.821556085685045,0.954738654386891,0.955742792673008,0.951196004923018,0.891727611002646,0.795914196593242,0.854406276821939,0,0.920919153494986,0.833597034816358,0.955071926474127,0.890458021321361,0.825687832828405,0.860472873473116,0.784594864681366,0.911355397464223,0.879271292448693,0.823728535777384,0.848173277208987,0.82972168113559,0.904143907587898,0.91300046507188,0.91418165791978,0.957439677986256,1.01621600434577,1.05784533061097,0.839655219499638,0.918110849832746,0.864093067815694,0.896760573654842,0.873181474702375,0.932348076398432,0.957875789836364,0.925987248459089,0.879369052128363,0.866000946103346,1.0001110356409,0.951832139529465,1.05829220224815,0.867243760586068,0.889271722008786,0.91705932041983,0.940110541783125,0.971925541409012,0.94485548105902,0.823136736831846,0.869682272131311,0.899197527654853,0.811516577149005,0.89910756042946,0.872643603131475,0.925256469381554
0.848624452463896,0.834639167178318,0.88412200308398,1.0279336251469,0.944134737602879,0.926150356719134,0.916848193020836,0.766779347608616,0.841196375553432,0.845096448988584,0.839661924585826,0.806106703496058,0.924904070629916,0.865803606256532,0.889862986215484,0.924407380929401,0.809301296166653,0.775798327640659,0.780049641729298,0.920919153494986,0,0.819284489684652,0.853388970745377,0.788411122731722,0.897785133436241,0.793019370919338,0.791034760092337,0.829911643675903,0.838539483884946,0.788358763965705,0.810324419022917,0.90143055047747,0.867601098739067,0.911666159856469,0.910546871952587,0.859671202826768,0.929533400993548,0.861540622973459,1.05157869755033,0.928239026904707,0.813761203567005,0.956227504125376,0.90163291917171,0.882599044868197,0.920888361308502,0.827126639777149,0.881432162439561,0.821941645320864,0.906180786960557,0.95393409163598,0.987335081800617,0.897267346001597,0.882559562383088,0.926068339794224,0.885689582475189,0.940142373037619,0.906536253163836,0.901987352748756,0.88177112399617,0.8974244562323,0.930933691547615,0.884911585648189,0.835008654743701,0.899851282442616
0.874700451375407,0.931106628202363,0.913474278129502,0.944160071308854,0.868055748791275,0.959213109012715,1.06556160135093,0.914864907085563,0.969266663261916,0.887990831339492,0.907807526311492,0.842930567677784,0.875650937167338,0.894720065538556,0.927818683204641,0.969356017711226,0.880363992709821,0.792275568769029,0.910848920460604,0.833597034816358,0.819284489684652,0,0.922546521268506,0.87530165376869,0.857851012669253,0.909911083843983,0.851429675661091,0.941538747145139,0.916311921623017,0.848526623075909,0.848204450571922,0.905179996542085,0.905359102695723,0.919014862086542,0.962350770835629,0.946593382175225,0.921669793392853,0.890520239671638,0.954612938345856,1.11063587113295,0.895830207533802,0.881400786364866,0.916161194614858,0.962250695738816,0.933115862710811,0.865564195741023,0.943629475788125,0.861498335712331,0.939125423489566,0.933076061459632,0.90038820997134,1.07425399209318,0.957644378566979,0.9424310834873,0.923721365161067,0.93075708604455,0.944762292046911,0.834674934539382,0.901406250263336,0.893559249354956,0.86792185530464,0.955904712121052,0.869043912958708,0.937964025116577
0.926106370787292,0.805016339576934,0.913147805049759,0.835496243290825,0.89911208641393,0.916259289444589,0.803383120427573,0.885165783399445,0.952810189825918,0.901781792394068,0.802903852429893,0.903977873104008,0.925143312374295,0.893568347435709,0.847750347828146,0.881101000086848,0.817321029312191,0.903714601487583,0.780054458826505,0.955071926474127,0.853388970745377,0.922546521268506,0,0.799926016659734,0.90900231569253,0.801081685334222,0.881142987952773,0.80597826635989,0.857683312529722,0.868263489072943,0.880003777997937,0.944302101299459,0.87458252961371,0.938953164434347,0.830650957845754,0.800609626752911,0.912452274304933,0.828065073106781,0.940962103924765,0.761020980193739,0.929823137563061,1.07737008995068,0.955571443362678,0.857738821937335,0.918752020058822,0.895217977873675,0.924770325645252,0.906351577574064,0.917416650908645,0.911587060487979,0.914938676347097,0.906287941787923,0.857008171304762,0.99005131075552,1.06202440381231,0.943977025198244,0.910146843616878,0.92257452998504,0.907476684921672,0.878925722242612,0.912806403052257,0.764607415751738,0.842514128118398,0.850909580141685
0.893893645033023,0.801974804940206,0.978650003100212,0.873751129202711,0.820313839895056,0.914026768871631,0.890748154827198,0.84673512097375,0.90907467913234,0.927369709706073,0.799979724932185,0.856781636279264,0.924550843571547,0.932079261179503,0.923208056607477,0.919225127378284,0.787577734393105,0.800010607695576,0.799275629806764,0.890458021321361,0.788411122731722,0.87530165376869,0.799926016659734,0,1.03151977431807,0.864547334377165,0.880075311490471,0.790190657657762,0.843915851736559,0.807594635496167,0.839885009517467,0.894566751861008,0.856795663488539,0.889116180235201,0.932467441291733,0.830769659576721,0.956360579553053,0.790293306415939,0.972339663148554,0.855159658004644,0.850069040928435,0.93106407576787,0.898289651250615,0.958441588802097,0.948598339033334,0.908397115123444,0.907065214018145,0.882594744638059,0.866100624020011,0.945877530313927,0.919975547445457,0.879087766408776,0.852155800840314,0.942640378336153,0.90843473502505,0.911419782602008,0.967184361795311,0.980817987087119,1.06133707819003,0.90694404843741,0.912166203286327,0.821723076688029,0.833847652430914,0.877253471281449
0.859626531326126,0.893317491928084,0.792531367805048,0.873526485803108,0.883266949719898,0.882724357587507,0.899289296164908,0.90524472404095,0.842077454589034,0.9513983468374,0.91286902177124,0.88970856669218,0.784404226180081,0.866230093796714,0.912619718170201,0.849056891058246,0.84337693882229,0.853948814465389,0.851970774018432,0.825687832828405,0.897785133436241,0.857851012669253,0.90900231569253,1.03151977431807,0,0.990662316614072,0.853700090202556,0.871380525127679,0.832178037043105,0.821281002657156,0.878445771564626,0.835676219244798,0.943050055972647,0.837614271423319,0.858661271956429,0.895658520704119,0.910822834749341,0.925772495492907,0.80776473271973,0.92824132000473,0.874183904502738,0.826327490979086,0.897230177552396,0.967649475172023,0.872108126192278,0.928710580071358,0.93036774120829,0.911338424314806,0.897823520591771,0.821437307633075,0.846851597586124,0.859004338286565,0.858706241645409,0.850153505837014,0.876550398641585,0.942603382266689,0.855102955441023,0.876670404539059,0.974857268267685,0.905778382599795,0.782945927024292,0.86629570659804,0.895650092452383,0.863407061866437
0.900275134510658,0.835225043496992,0.945092717949326,0.817150402519494,0.894816787111716,0.9107149909104,0.846979488057092,0.87036206887052,0.937204301880882,0.864759756952567,0.862088339065004,0.913082259707593,0.885123292296278,0.925375162124202,0.883175890133274,0.881846348764606,0.80868285484129,0.852370975445024,0.752409002727412,0.860472873473116,0.793019370919338,0.909911083843983,0.801081685334222,0.864547334377165,0.990662316614072,0,1.0089882541474,0.768592175188328,0.754813116291247,0.816771492255566,0.826984589322745,0.856975123022631,0.934761167927859,0.917827938230866,0.878195152107845,0.855544357701957,0.865769506469506,0.881979073580342,0.970981187750309,0.842011460097363,0.86274197252342,0.97220800058179,0.972951645300104,0.808201563703481,0.95478710604891,0.894754471838948,0.914189504263147,0.936415267579861,0.915143749922215,0.912954311636064,0.907117989885172,0.866170027577859,0.825168365596904,0.914580638143967,0.907478676434114,0.829754403799991,0.949526712782627,0.930828678755629,0.926570281693929,1.03043058859408,0.898371098900849,0.837093362597878,0.852069651818877,0.822186483793533
0.89091576112016,0.904958418824053,0.802298843087086,0.920604243655204,0.800125268832626,0.926287056441117,0.907340118739934,0.824365630446015,0.900049829164736,0.935218742613206,0.935480599046176,0.798726976209374,0.76016588063281,0.950393513061367,0.898050319136297,0.939001669294764,0.826119034246841,0.787785999024036,0.848737714963474,0.784594864681366,0.791034760092337,0.851429675661091,0.881142987952773,0.880075311490471,0.853700090202556,1.0089882541474,0,0.9066955125515,0.877783862074814,0.75829657656855,0.760478229704767,0.843113084460004,0.90158955387291,0.928817524793112,0.925054171705414,0.914164648031618,0.926087547969874,0.897110051792296,0.848633343567386,0.9567267728292,0.856299282531624,0.920125276923253,0.859942073671498,0.965319145508185,0.972231702246626,0.882824115438742,0.961890756258388,0.86647405293738,0.981171375437841,0.857299952166466,0.933966658744977,0.900269746098779,0.840922437356648,0.914295486976424,0.8929492748327,0.961442728139256,0.909660765390111,0.820711354455879,0.938804455233627,1.02647132523973,0.790555718774338,0.90207222585519,0.879984195342377,0.880161658079175
0.901350663344549,0.825856429389245,0.936596824614679,0.829031047210148,0.890434148713232,0.921752325538363,0.825537300034042,0.890069733748841,0.953645511424298,0.860965448288617,0.895668369512464,0.982240394655209,0.973589309258291,0.867007900251839,0.858818578695272,0.92721190005773,0.817092374480429,0.866541936251748,0.765068272348759,0.911355397464223,0.829911643675903,0.941538747145139,0.80597826635989,0.790190657657762,0.871380525127679,0.768592175188328,0.9066955125515,0,0.887160229421287,0.92800591047258,0.87344687827338,0.916048145608901,0.948023325097743,0.920410695295208,0.849073230795954,0.839955011082409,0.86994293205174,0.865501262266191,0.938829843014235,0.816181821346509,0.866744341264969,0.936339180167381,0.988638962921827,0.815316253589165,1.06287554058002,0.902165580326597,0.875992672733782,0.940221975328271,0.912564546795548,0.95903078214479,0.902970238412082,0.864186203247351,0.837911678404093,0.930748089449353,0.895873287044768,0.826202368039269,0.937502635557397,0.909451442845179,0.8536149916747,0.957764083225058,1.10161418025543,0.814808897038281,0.821097757640466,0.852245227163325
0.875713299156627,0.897277202564205,0.886932428565782,0.838209201618208,0.89072375152486,0.896496822387283,0.814399967704759,0.898391145871535,0.87501432292897,0.802197937640517,0.896213527289794,0.930146549651001,0.972898159871306,0.923089540516755,0.860806847628741,0.875464912263926,0.836135603973869,0.890220657921186,0.785851151414626,0.879271292448693,0.838539483884946,0.916311921623017,0.857683312529722,0.843915851736559,0.832178037043105,0.754813116291247,0.877783862074814,0.887160229421287,0,1.00611427417495,0.888383824861265,0.872766114081322,0.983410127642054,0.918214683104246,0.820796265650844,0.880180130609398,0.793173606713615,0.88938496843684,0.941995459357012,0.840833728138576,0.889166525500795,0.900995384556764,0.956741814748053,0.814773318184657,0.954864702945546,0.897862362467781,0.818908621820819,0.9260425784432,0.900540541252808,0.910840861155132,0.903407147894244,0.866573451611347,0.860850471781419,0.911384965976791,0.90121871975622,0.799524990688388,0.954929895223368,0.887375597372097,0.802685937062648,0.915612385080007,1.05201160046717,0.836848131131452,0.843684085601079,0.834628420914536
0.908000145921578,0.882517611791679,0.85813359319357,0.932278417714772,0.805354667836346,0.919145352360179,0.901928114942127,0.835365386648794,0.891272583004696,0.848485859478884,0.880545804284161,0.838165665400042,0.989892312095818,0.958581385728854,0.926124695368216,0.925811273324169,0.829912497496571,0.788552442840774,0.850764100024254,0.823728535777384,0.788358763965705,0.848526623075909,0.868263489072943,0.807594635496167,0.821281002657156,0.816771492255566,0.75829657656855,0.92800591047258,1.00611427417495,0,0.797738044233408,0.843235556743762,0.933078997365984,0.91577961308224,0.902237441207122,0.903594102591314,0.909200065559164,0.883334957358304,0.884294340517457,0.942480143451795,0.872385262011941,0.927105214082212,0.872056698680482,0.925718677864959,1.01450898392944,0.974835356185001,0.925351506681101,0.842964183539191,0.944561719821838,0.882854602702125,0.961896334679845,0.901728008888815,0.87079358650646,0.940067134727169,0.912324629462429,0.905607938404139,0.972493061654194,0.804296560917254,0.896141293190439,0.917347255066277,0.923606805471684,0.927657061176761,0.891925212346649,0.878360094280502
0.976710790253675,0.891465409224026,0.873055990517787,0.931041164061201,0.824640219056248,0.942783431953184,0.909977620484958,0.837103168125813,0.936261338499752,0.879260002851456,0.859733015686692,0.793446562124742,0.915757535917987,1.09936446319443,0.909407793418998,0.944251919392546,0.833628957453925,0.812199387307104,0.814555915845922,0.848173277208987,0.810324419022917,0.848204450571922,0.880003777997937,0.839885009517467,0.878445771564626,0.826984589322745,0.760478229704767,0.87344687827338,0.888383824861265,0.797738044233408,0,0.901038201946445,0.864481717991633,0.965014793698221,0.94681819977639,0.877146908972508,0.929533450904779,0.866703412145978,0.92242823054665,0.929402923048244,0.854609279218888,0.937430239705291,0.895838854372854,0.917556988275136,0.986858578206479,0.9767038585677,1.0199133831075,0.843973990124172,0.942808914206073,0.928788925521181,0.962947761476139,0.934055404124215,0.856623107097378,0.958561257057251,0.930269181657745,0.936316549632628,0.968023031230575,0.854607695807173,0.895195367116823,0.916663052305925,0.853960436422043,1.0442135832288,0.920557033491819,0.891187501647213
0.857225221257969,0.892535135956874,0.911215108288802,0.897720800448224,0.824086538630402,0.810304773403496,0.969974954225943,0.882420872967093,0.881495242166589,0.863613071207805,0.93911708197446,0.842329278477853,0.822392463987681,0.904387988596995,1.05042501693897,0.978759066344681,0.873227146964207,0.852617445766445,0.885907842395327,0.82972168113559,0.90143055047747,0.905179996542085,0.944302101299459,0.894566751861008,0.835676219244798,0.856975123022631,0.843113084460004,0.916048145608901,0.872766114081322,0.843235556743762,0.901038201946445,0,0.945694918430626,0.847308920796362,0.819122619478861,0.88267067899097,0.866259527619556,0.937947968981598,0.86786860501106,0.964440754925651,0.899933509589655,0.855416162846375,0.914185903216803,0.916348900443043,0.806804131808756,0.865242814249691,0.959606228156591,0.990425536069377,0.907739912465467,0.893779109425035,0.831890782142654,0.858980917125871,0.875525198058716,0.854870456451969,0.84535803575523,0.959557491415804,0.902031548524782,0.826025241139007,0.860125951148524,0.861564834744544,0.796349178509101,0.993051391565502,1.03700283166249,0.986426908466096
0.90917346219011,0.884114630596684,0.927815873929362,0.940503336502894,0.910647728037446,0.904534481256462,0.975082884981565,0.853701011734923,0.905361839262743,0.938674533256599,0.882791365025233,0.892582920064947,0.960498024933392,0.870388839515961,0.86670320811245,0.919063630202437,0.950697836845565,0.900164968193054,0.927623337322337,0.904143907587898,0.867601098739067,0.905359102695723,0.87458252961371,0.856795663488539,0.943050055972647,0.934761167927859,0.90158955387291,0.948023325097743,0.983410127642054,0.933078997365984,0.864481717991633,0.945694918430626,0,1.14506399472541,0.979021163824928,0.792045187716502,0.936455918960944,0.84809301071261,0.892986033297239,0.884834204305449,0.85465310923587,0.892907664386798,0.928739883198328,0.967895045397138,0.89567547107804,0.872885711880924,0.971143903408492,0.899574600806256,0.926927817346371,0.888503493366356,0.972064308520509,0.942984734207784,0.899370077783784,0.907726533012935,0.934916542908086,1.00779772919806,0.966034058758258,0.91788615845412,0.982411604418404,0.881226469651616,0.97193062680951,0.911491103470746,0.907827155998332,0.973916261955107
0.826855216987174,0.924578940871124,0.888802785463692,0.919589501321534,0.933217184751916,0.800587608760312,0.947778914099564,0.926582455459835,0.763949014935771,0.965069270156592,0.921384422418462,0.931983107084516,0.906664683958709,0.804461332672024,0.953164246581899,0.905058623143292,1.10863960224354,0.957031407715166,0.967555541001186,0.91300046507188,0.911666159856469,0.919014862086542,0.938953164434347,0.889116180235201,0.837614271423319,0.917827938230866,0.928817524793112,0.920410695295208,0.918214683104246,0.91577961308224,0.965014793698221,0.847308920796362,1.14506399472541,0,0.9056144500706,0.883830558164259,0.85162497441431,0.873764221819076,0.864173018284474,0.863334451579872,0.872222264800404,0.792114856344128,0.910616736605592,0.898693050924103,0.768091984116679,0.903155222499126,0.891230640871496,0.82948607699882,0.798174441019202,0.791519027193956,0.806358231652763,0.83566753428433,0.93995494010714,0.833698634029806,0.834392359473819,0.97287325044927,0.812181779471541,0.881622019987277,0.89667142130898,0.84557859948005,0.871102711322864,0.90653438956513,0.889672512009444,0.911924754863888
0.851071764405734,0.95613877800829,0.932324600285452,0.843752248370929,0.925539182833356,0.827368204319754,0.868072760450162,0.947239416250935,0.822932215638653,0.846363615715474,0.922725355363805,0.912918821843692,0.914091202204375,0.879464725373518,0.895445198932927,0.885555048070018,1.05559416232442,1.04009361328926,0.93296177747352,0.91418165791978,0.910546871952587,0.962350770835629,0.830650957845754,0.932467441291733,0.858661271956429,0.878195152107845,0.925054171705414,0.849073230795954,0.820796265650844,0.902237441207122,0.94681819977639,0.819122619478861,0.979021163824928,0.9056144500706,0,0.908225831959387,0.757504585482747,0.863523057811163,0.916075850079103,0.862853642632079,0.875180295207786,0.854406306426329,0.889050287761662,0.841986038961694,0.860596375732415,0.871917883799543,0.818175944392172,0.924845034079419,0.841772257346243,0.900419384318781,0.824257241888133,0.830985674367898,0.889330278900145,0.901105075510447,0.837488203594543,0.865088130831571,0.864195597220926,0.911352361892733,0.875139746166087,0.911089569677253,0.905391417314811,0.889263148213778,0.891891838239042,0.892349284533199
