0,0.886313810040232,0.91021882338447,0.857463052700093,0.903407327742963,0.87180523147081,0.850618559285847,0.884532813865888,0.839922584583127,0.858810477071296,0.787846021539339,0.832453102782571,0.843929374557374,0.852863444582072,0.858933221405226,0.829356141822063,1.01069480481403,0.857239422606735,0.834868712174057,0.869732360981444,0.850498689245737,0.834945409715711,0.834110039167933,0.875033586738503,0.912108083560954,0.847868175597729,0.838917106768068,0.894609419501117,0.833801037602875,0.880617893493129,0.902416885602595,0.890684154112908,0.967277286012031,0.875192288812545,0.830534730749739,0.850459022276093,0.862233631141129,0.848145400754526,0.848652357229078,0.921036137427712,0.854551165217192,0.805605886562944,0.918483324233089,0.877466641017725,0.850187551288573,0.908229767473966,0.856248492287833,0.857209662996781,0.973761468407571,0.950175796187629,0.867356049361044,0.827105899156659,0.829550056438496,0.864242666779381,0.896299006759883,0.794706240176553,0.787752187634741,0.892568825178235,0.88136861864655,0.809807404973359,0.841250210698509,0.845528435856327,0.828150982942651,0.875032875761441
0.886313810040232,0,0.995856184437538,0.911361454401715,0.87285260634043,0.906978867959529,0.893631659899197,0.896959936475493,0.873544792489067,0.881601509453088,0.824863469958907,0.853398008149907,0.866126616436391,0.868113210579965,0.874289023284029,0.868957920537254,0.96478877463048,0.93043808166735,0.897843612931939,0.890759184117185,0.886147913066951,0.886442531690943,0.885565550104438,0.888352846147637,0.919571328399752,0.908880963297389,0.905097062079142,0.93568766951215,0.900412612779252,0.889414342561693,0.924887118656585,0.910079545905907,0.951840888711835,0.945817620545709,0.935019388438243,0.92202367804427,0.876056316921828,0.893684828126912,0.910044569475976,0.936309857145105,0.898170003856988,0.889599998914904,0.902673366572811,0.885459671582835,0.877309562190433,0.916820624100832,0.895549038622742,0.898144365581645,0.927517125741232,0.976389169628865,0.960573894975457,0.835147929863063,0.866223110686082,0.902237143594037,0.915926186866171,0.879736712094956,0.857519839440179,0.890271656839143,0.87202528759525,0.860879646722726,0.899892139164476,0.863818924936684,0.859652199913011,0.874661893724041
0.91021882338447,0.995856184437538,0,0.980431970443553,0.851535040847117,0.904938359416233,0.897446041918801,0.920362332828013,0.931684151126418,0.900996330600248,0.883403585420664,0.87917083871189,0.892068652848156,0.86802220268602,0.904772203282202,0.925536507214868,0.957052879818652,0.982885763239985,0.944946112648068,0.926483996839999,0.914516323242485,0.965232834145837,0.936570762822224,0.919023008499007,0.924475911890467,0.949780663928099,0.955826027890587,0.916815745779126,0.956697731749144,0.93453936045442,0.94735480821687,0.951113035470088,0.959923965996582,1.00482381490804,0.97002693237065,0.96133811565756,0.953898682607285,0.920170958260763,0.946400350404211,0.931298123281826,0.953889340413069,0.94629562003357,0.893528980352058,0.925632918383341,0.910853709071062,0.930356040359824,0.921665973193473,0.912693437538585,0.940864661226787,0.978484669825018,1.04273907907988,0.867582069578581,0.916269768657102,0.944247004868087,0.940585999336825,0.945539426172904,0.92569553725592,0.899731450771847,0.895850140570292,0.890068159886977,0.918521792063962,0.903944283373754,0.897394910732571,0.881688669358092
0.857463052700093,0.911361454401715,0.980431970443553,0,0.876677950081207,0.930790277133397,0.866206141610665,0.879497752560934,0.836426175432883,0.86786863809472,0.803946927574447,0.852248842971877,0.875344303527404,0.896433182361775,0.822699562454601,0.8462140020003,0.862326489762396,0.975530964930963,0.878456400174528,0.853664042789591,0.863583946565263,0.841757562441029,0.863027101413159,0.885032951064316,0.917101621904056,0.83719478556961,0.854783896095123,0.909315415927328,0.838803691790581,0.884819902604789,0.904573572495384,0.894905025551128,0.849516121534014,0.963222195365402,0.938466773492643,0.918624822852904,0.890792432249129,0.843207038846782,0.857982479233743,0.915445206982433,0.868873693621727,0.843955729514783,0.90283473152913,0.864307437722598,0.842892128197208,0.894116644249468,0.835982303035852,0.884414740620711,0.838251921785131,0.887733361065445,1.0087004418841,0.848657835716069,0.844335534453043,0.832172675999865,0.903677565354071,0.82011830775706,0.803062974985426,0.900648494962047,0.874127156291915,0.856992726539957,0.844120226070015,0.852707874401394,0.833777548366106,0.884492803809251
0.903407327742963,0.87285260634043,0.851535040847117,0.876677950081207,0,0.952494884898487,0.90474215379917,0.908019400447639,0.939717817039383,0.940063911042749,0.911865364370294,0.9171663772118,0.890955668003255,0.93730815179132,0.909676758715183,0.901203708941498,0.935036162903589,0.931246770216647,0.979402686272769,1.05381122051013,1.07193692965479,0.926989588799606,0.958378199913466,0.900356901140072,0.94372946205842,0.920436173229745,0.940848889346157,0.887006358944663,0.898543825582884,0.89184130802061,0.945160021604538,0.926596128481015,0.908498612486789,0.887066776060312,0.962339380427558,1.00262996384354,1.03858400428101,0.997470398459909,1.00404441725263,0.942082824674362,0.941373915083397,0.984861988556411,0.908992073262774,0.902745250410654,0.902339766283485,0.918171914677559,0.886161293497732,0.912919144983828,0.917891278660816,0.884072447780127,0.850932911790181,1.1007265752802,0.921688349202126,0.918973150051385,0.906316767373387,0.910727594185155,0.949414928124571,0.91674047334896,0.890220250613747,0.920467125340578,0.946031441326281,0.910394043439221,0.919609796549894,0.889555965875465
0.87180523147081,0.906978867959529,0.904938359416233,0.930790277133397,0.952494884898487,0,0.978272846907056,0.947148111219164,0.918501178681395,0.896559374501116,0.894983297429676,0.902417709588216,0.874183646308241,0.894727093153991,0.94113979653757,0.891600441147565,0.922750885614947,0.907999646715492,0.912649305329969,0.964989268114543,0.947949784973728,1.00525161023134,0.950040607051641,0.95654892636144,0.917775472287585,0.942720931030933,0.93830927173524,0.944222703327289,0.908366884620513,0.932585479859696,0.940263620154802,0.982297430382683,0.899003880818649,0.932696085671005,0.875610784216375,0.907245676592725,0.827370474884988,1.01110394187559,0.966733106687785,0.970012459509673,1.05481937171045,0.906730011817488,0.91351216785509,0.900691794206027,0.918982336756384,0.926045073895533,0.921482680545481,0.845001485297018,0.920973943919834,0.893773164781238,0.916956739466794,0.926424070333673,1.05410011841812,0.99042410663011,0.905942574436587,0.935070298204892,0.937044003757908,0.926443045074887,0.89566327941083,0.855320157073538,0.928739786684546,0.907044774535945,0.919007535236489,0.909192951256039
0.850618559285847,0.893631659899197,0.897446041918801,0.866206141610665,0.90474215379917,0.978272846907056,0,0.851198579163486,0.866137600980208,0.886160746743973,0.797027085759265,0.847717698446441,0.833276304896995,0.880400974613591,0.859370857833199,0.842316147552817,0.892162102309102,0.879458966460155,0.843514491558802,0.882514342582684,0.845755589651428,0.935725191889267,0.892980010750465,0.907025685309289,0.924497521753105,0.840254913768078,0.853800767536634,0.91905146996081,0.830363780586062,0.865366165020433,0.896736280529712,0.907644079373034,0.817661764322059,0.875315710688833,0.846839458406454,0.876065903807654,0.867927786853614,0.894540826637317,0.919154274343803,0.955160251046646,0.928383028938505,0.904245491027455,0.928265089188877,0.866514380233207,0.889772702270243,0.92209442087569,0.842823657621326,0.85366322685106,0.827036567721953,0.833965737797391,0.80219475483537,0.845797686944703,0.981212381478774,0.999379475617248,0.845537632066301,0.813894644777407,0.807085450007227,0.879396700160493,0.847365034671857,0.822938773150291,0.855446828542504,0.828830268046069,0.872570664484248,0.854681806484372
0.884532813865888,0.896959936475493,0.920362332828013,0.879497752560934,0.908019400447639,0.947148111219164,0.851198579163486,0,0.949126214624672,0.88274435806912,0.847518543030325,0.856817858336469,0.886880731406218,0.900059251283117,0.844441252807665,0.863551514857888,0.94085914305494,0.920913954353276,0.88927348739989,0.885004940114664,0.908850647445704,0.832225467968724,0.881231492229258,0.922590709050836,0.977500832354888,0.994081894294424,0.92238453964098,0.904413383441154,0.910550464064203,0.92123151949083,0.900768006651505,0.895794436807928,0.87851498476285,0.872199448170098,0.897500387243059,0.876938040261736,0.92338751387452,0.938720634502171,0.92561511681949,0.976377563094408,0.900233657405958,0.903433928708045,0.97603359613909,0.965383018368187,0.921934295230322,0.890979940896449,0.86494158284736,0.934870119669059,0.848618521280972,0.863704004369418,0.84070151425535,0.883138081170833,0.861174871331415,0.82967471938549,1.01159652691095,0.967390323391815,0.942486852104503,0.902591464440193,0.885102327321178,0.864918989376475,0.860818834498547,0.892058870627583,0.900116617473561,0.867258427950019
0.839922584583127,0.873544792489067,0.931684151126418,0.836426175432883,0.939717817039383,0.918501178681395,0.866137600980208,0.949126214624672,0,0.877339076255628,0.774955041546401,0.8132786753618,0.843347686988616,0.876442164003778,0.858961080099426,0.823526069354042,0.915030203718882,0.870290656801741,0.834763536104245,0.863249671820486,0.877658707067301,0.795572673260261,0.840139100987558,0.863096937043089,0.895358508306688,0.794811999207752,0.878756535580637,0.952446646975244,0.80563443010824,0.90788736394291,0.912048302005712,0.878465975889324,0.836765831835903,0.853947316594044,0.853974240456659,0.864142512090156,0.873590714452205,0.85148992520083,0.846596808867011,0.949337347283013,0.86303966848369,0.803040379453,0.910961474238787,0.990032560148345,0.892504441374843,0.955036649684114,0.850131173324896,0.899509902646819,0.884594310514888,0.822672487391705,0.819442310204524,0.815349834916836,0.827456490008751,0.854126096371293,0.953940896884584,0.870598815659258,0.922123687083932,0.972078150880774,0.936271021440993,0.797351167262669,0.791468799058828,0.883652656870175,0.851731095506571,0.8393750803467
0.858810477071296,0.881601509453088,0.900996330600248,0.86786863809472,0.940063911042749,0.896559374501116,0.886160746743973,0.88274435806912,0.877339076255628,0,0.940798129688971,0.928533557159329,0.947113277248173,0.884436150237626,0.889205162816534,0.890189599972426,0.940199789507262,0.917640344597426,0.888150788434888,0.915055818621775,0.874659863704147,0.899024370599706,0.890783962816824,0.939392156612481,0.951396665949656,0.885437663821171,0.908145312527763,1.02646397850187,0.926791518704924,0.898140249823101,0.870571206236267,0.880579018861965,0.893980342141305,0.901231418201577,0.878968636393666,0.915960262557872,0.91571495036117,0.891489077816409,0.871151281395474,0.949583474410243,0.8887121513208,0.869122084579298,0.950611037324262,0.907273050276936,0.945423094681899,1.06671581207761,0.936237957816768,0.87683197419878,0.938792080750515,0.881239093257828,0.870208249551128,0.907520685347041,0.8843603984783,0.898781027456861,0.920383527268556,0.838636210270226,0.867850366557059,0.957028391864637,0.996634347310023,0.983893764054833,0.888441564273305,0.920646858924773,0.874666990751647,0.921156333043534
0.787846021539339,0.824863469958907,0.883403585420664,0.803946927574447,0.911865364370294,0.894983297429676,0.797027085759265,0.847518543030325,0.774955041546401,0.940798129688971,0,0.908904757119538,0.927922210792347,0.774444095215041,0.790235506060149,0.826432935357845,0.905681093232472,0.851575788106701,0.802641701729044,0.832711745571088,0.855231557683164,0.769167247243174,0.806315455591707,0.876398218819062,0.941246016060984,0.82294011087128,0.776421329898297,0.964446960758696,0.901196174043401,0.846394371833257,0.861032026658584,0.847046430284327,0.831770597086418,0.850685852498662,0.833021434034686,0.844707552866685,0.866809944744935,0.842154028755326,0.822800985208392,0.940979591569288,0.850630476395418,0.785157928876907,0.940764889212559,0.816420312113818,0.837275883963287,0.986970913793638,0.870911874029834,0.861164448271518,0.863739744076101,0.80059036473355,0.816955375002407,0.818986561300178,0.808261202697252,0.82688530012623,0.912521842031228,0.770741279239076,0.704090691316689,0.912982062561002,0.875769013410968,0.886316308164266,0.849508668291137,0.843170774298402,0.804467137361638,0.827903503374131
0.832453102782571,0.853398008149907,0.87917083871189,0.852248842971877,0.9171663772118,0.902417709588216,0.847717698446441,0.856817858336469,0.8132786753618,0.928533557159329,0.908904757119538,0,0.984332486153303,0.849017738024827,0.831756249498868,0.866038845201526,0.948139757953569,0.889692487749856,0.861989835783431,0.878138084769199,0.900644410380042,0.828188339045207,0.85642648615637,0.911778888299409,0.934460610087462,0.890584079693544,0.837236941842602,0.946191540508999,0.972789709127782,0.904718296015789,0.883751424046185,0.861572428401028,0.873855102527175,0.883208876980326,0.872346593272885,0.880566366254103,0.90614396655789,0.903355582259416,0.864860609608454,0.941280920845616,0.88437828432093,0.864865224013419,0.947307560737699,0.88181512157169,0.873336763412773,0.967210300757265,0.934536720389948,0.890200336568679,0.894036463865763,0.858954564703255,0.861062069355445,0.864358497744655,0.838647668938861,0.872840937434987,0.93048414469613,0.855746954579941,0.805226485236357,0.90713365352127,0.922862521793502,0.939030481170373,0.934579211760076,0.922727635959074,0.848876068578061,0.871561084628679
0.843929374557374,0.866126616436391,0.892068652848156,0.875344303527404,0.890955668003255,0.874183646308241,0.833276304896995,0.886880731406218,0.843347686988616,0.947113277248173,0.927922210792347,0.984332486153303,0,0.856782397982581,0.876869910367568,0.841144937333594,0.926019158334228,0.886761903976247,0.885822673307803,0.917904029462025,0.873783312581621,0.890713201667314,0.887126883028832,0.914816999834129,0.914824902113813,0.897831584390244,0.86341088888056,0.926560592547846,1.00426346351322,0.913112010530372,0.902792675057161,0.920853782599362,0.870521086813275,0.907878853429385,0.878770825913891,0.909161738022286,0.897398254186097,0.91209247418793,0.920936898309856,0.93929485274661,0.891875713429897,0.867216685087011,0.921895422501865,0.865271478903387,0.894005450665522,0.967552734002058,0.958064544277807,0.872875516709896,0.889840214639338,0.855376427299943,0.862455733614802,0.874276463211005,0.879874794185385,0.903007911996829,0.923695811733012,0.85904301446577,0.858450483071447,0.884247098603555,0.876129447737943,0.908690171705902,0.96987526880754,0.925911058552502,0.911633071754973,0.86257619242726
0.852863444582072,0.868113210579965,0.86802220268602,0.896433182361775,0.93730815179132,0.894727093153991,0.880400974613591,0.900059251283117,0.876442164003778,0.884436150237626,0.774444095215041,0.849017738024827,0.856782397982581,0,0.914857521133229,0.87861261748891,0.912462321993993,0.870854956683047,0.896113342437872,0.887354361442174,0.863528346565072,0.880022182326219,0.891841956156022,0.897557788362463,0.896312334933214,0.833856934149508,0.865143009213543,0.891250783797507,0.849147549229732,0.953657641700681,1.04811011757832,0.976231995854179,0.858385240752545,0.897310393137731,0.871958485806369,0.91860271323759,0.917625219004929,0.896895029222796,0.873641614556653,0.884825803846118,0.8906779057334,0.898729425487399,0.941739667921649,0.892732504080763,0.899270449403283,0.934135370880318,0.974357053664853,0.929450296749537,0.906952556958549,0.831142677622516,0.820470966350763,0.892591516029925,0.856275052350618,0.894808576281461,0.884880700963443,0.849426752451786,0.813483143567641,0.929505383152518,0.894863787523105,0.783186623117846,0.912937364664083,0.945081441624802,1.03841005470247,0.81791276770079
0.858933221405226,0.874289023284029,0.904772203282202,0.822699562454601,0.909676758715183,0.94113979653757,0.859370857833199,0.844441252807665,0.858961080099426,0.889205162816534,0.790235506060149,0.831756249498868,0.876869910367568,0.914857521133229,0,0.964363746472458,0.937806953223093,0.915429642644743,0.86254919650423,0.895910241843834,0.884678721277745,0.845950089968648,0.858048479850043,0.909798178355866,0.937547936840039,0.873265600886088,0.879134177839727,0.908630217654318,0.86282247394584,0.899977020523759,0.949320061161342,0.970809294418206,0.863014302442691,0.849778801201097,0.876810044915301,0.908367077405938,0.927725849372357,0.866353248913831,0.865820647017063,0.9298355624508,0.871125671981336,0.891024238012876,0.948181329252174,0.910787308027521,0.876714814531278,0.904578370631169,0.832470185823427,1.0456347968635,0.877780416565561,0.850419700876002,0.834042737179033,0.89824296530811,0.867579496281402,0.866720468895387,0.92037501432351,0.823417820743221,0.809862386439627,0.919224196920244,0.883325793746991,0.889478353119194,0.843651367016759,0.87595808672002,0.883464675654871,1.02378666150764
0.829356141822063,0.868957920537254,0.925536507214868,0.8462140020003,0.901203708941498,0.891600441147565,0.842316147552817,0.863551514857888,0.823526069354042,0.890189599972426,0.826432935357845,0.866038845201526,0.841144937333594,0.87861261748891,0.964363746472458,0,0.902742997162466,0.895718141683135,0.847124351064105,0.896749246080976,0.855722468798853,0.833969009598944,0.879447672623248,0.877934411125019,0.940519503840513,0.838857619067031,0.812900374223493,0.918802814563409,0.812451127552927,0.861938717854402,0.891902103259563,0.954569881745631,0.873877075748373,0.86170498308237,0.847716755500206,0.896924874362524,0.869781122619367,0.88015905717644,0.909225502708422,0.967606191552263,0.862665497772113,0.827667085049757,0.940673703573875,0.850553670468362,0.881513035861704,0.963583876880826,0.844018978061206,0.984636678768452,0.872479900207365,0.850645961198692,0.852370014712464,0.858057502163267,0.850587078428451,0.863231292034834,0.936840342291354,0.797477227099134,0.847506466465884,0.894086543971728,0.904345186556979,0.836526491648041,0.830524360787141,0.838821657992454,0.817121236766476,1.08863607352609
1.01069480481403,0.96478877463048,0.957052879818652,0.862326489762396,0.935036162903589,0.922750885614947,0.892162102309102,0.94085914305494,0.915030203718882,0.940199789507262,0.905681093232472,0.948139757953569,0.926019158334228,0.912462321993993,0.937806953223093,0.902742997162466,0,0.855559728280212,0.861281147182927,0.903221629399558,0.912282334587411,0.875180714889431,0.885267355656669,0.854802652235912,0.899914408672008,0.905141936902114,0.899705007192379,0.898756064767239,0.885333776272142,0.884430098938235,0.920327108234919,0.934964653842808,1.04000701168464,0.847890985029024,0.886480188755567,0.882840510839173,0.853443971854975,0.934648727473872,0.938150776538473,0.916965798019653,0.905469132944194,0.880384874343131,0.930576678308756,0.89291864602221,0.909155202981874,0.931143659755586,0.8741274079715,0.892187536721902,1.06493509089143,0.988372020981513,0.891633031163958,0.904437001659599,0.859027925023388,0.866392467935018,0.89653710522608,0.885894564999746,0.900513866857253,0.884397562670457,0.905437162027217,0.891637379157662,0.881583715413456,0.851306372311794,0.872008112082028,0.919671983052289
0.857239422606735,0.93043808166735,0.982885763239985,0.975530964930963,0.931246770216647,0.907999646715492,0.879458966460155,0.920913954353276,0.870290656801741,0.917640344597426,0.851575788106701,0.889692487749856,0.886761903976247,0.870854956683047,0.915429642644743,0.895718141683135,0.855559728280212,0,0.895266077299475,0.869206729605906,0.875932525483816,0.82840802148189,0.821816954585708,0.83391733263062,0.882569290479567,0.8543099144749,0.83833039327195,0.899489114900811,0.872716984362946,0.879455824065841,0.883870026081504,0.869811265147758,0.839098382746611,1.02915751779418,0.994548061165142,0.904767559238677,0.865126388660971,0.868553487865538,0.834806737156866,0.917107804581786,0.866733335840589,0.796879732824026,0.880906647061409,0.865925159922486,0.837196783946224,0.905622703879605,0.869579969566102,0.866322747495205,0.871005066953799,0.926963151428558,0.971579884343599,0.858432853577419,0.874853018753638,0.887236727516711,0.930581986497294,0.872260413558409,0.841848424044624,0.916512096217277,0.918827576670347,0.874071611431603,0.858141434741186,0.882002258943328,0.846136673753222,0.890267676646909
0.834868712174057,0.897843612931939,0.944946112648068,0.878456400174528,0.979402686272769,0.912649305329969,0.843514491558802,0.88927348739989,0.834763536104245,0.888150788434888,0.802641701729044,0.861989835783431,0.885822673307803,0.896113342437872,0.86254919650423,0.847124351064105,0.861281147182927,0.895266077299475,0,0.901328418904968,0.83136778540896,0.755757867114985,0.795030761882708,0.801098359473549,0.888824078194135,0.791489886636478,0.79456693313134,0.860247441302874,0.796946120216927,0.8205031942705,0.844029660530127,0.846191393715008,0.812103845522686,0.863944532421643,0.859810049756362,0.954019968258829,0.97319362631502,0.828464172883238,0.857069446834643,0.902758697703763,0.800160374371378,0.754557753213436,0.898354271331768,0.817547212129517,0.828572305986505,0.891052312159646,0.824791848604728,0.825949503859347,0.869706652816651,0.846831006735205,0.859101703444617,0.893987281271015,0.826186022644986,0.867058376171491,0.907230746798504,0.794990716584855,0.787360885148556,0.927301619085876,0.887354181089739,0.851372874551705,0.831214184313365,0.826993414729088,0.811060282947264,0.8862296759202
0.869732360981444,0.890759184117185,0.926483996839999,0.853664042789591,1.05381122051013,0.964989268114543,0.882514342582684,0.885004940114664,0.863249671820486,0.915055818621775,0.832711745571088,0.878138084769199,0.917904029462025,0.887354361442174,0.895910241843834,0.896749246080976,0.903221629399558,0.869206729605906,0.901328418904968,0,0.902735250798246,0.74804471529742,0.777248051112448,0.837894503493362,0.911768044636006,0.847038108245331,0.797055143478683,0.89507145194029,0.834084236416352,0.87559678992101,0.863956378249251,0.825751975963579,0.832149764097029,0.841810837609009,0.888338763749596,0.870387302624297,1.00910244617815,0.88665569712845,0.862100325114985,0.974615089427261,0.848069774775203,0.798702508143132,0.902243562483787,0.861584561433118,0.859467504114369,0.891452826967982,0.842123390084222,0.908081397496532,0.886782454537849,0.853303925232077,0.882020110685749,0.989591556792711,0.834761415114548,0.829422393044282,0.928374051139611,0.823342780067268,0.800546894357659,0.909703247862284,0.942274542264244,0.87562358894117,0.826207297734799,0.871412191839045,0.854970051140171,0.902350091441899
0.850498689245737,0.886147913066951,0.914516323242485,0.863583946565263,1.07193692965479,0.947949784973728,0.845755589651428,0.908850647445704,0.877658707067301,0.874659863704147,0.855231557683164,0.900644410380042,0.873783312581621,0.863528346565072,0.884678721277745,0.855722468798853,0.912282334587411,0.875932525483816,0.83136778540896,0.902735250798246,0,0.816536827786107,0.785351635571647,0.816924460111586,0.855337071236374,0.820729594660959,0.819008453442733,0.886867796087132,0.83834426129795,0.84031044407079,0.856586688507436,0.879108010564251,0.828231634348929,0.863853065529983,0.800799886863692,0.879100413016355,0.888407161160218,0.985382031362207,0.955252167003968,0.999937764373528,0.908305975129163,0.745558187534217,0.881321294883517,0.843142149372297,0.839838938126102,0.895310898965554,0.853864086554207,0.834456629913898,0.894437558026543,0.850476255461135,0.834644734087953,0.913247717314054,0.891294875251459,0.86296865797803,0.94501348251401,0.828807817571765,0.84518461840742,0.884019695965899,0.87692876789208,0.863095632687471,0.856020101184545,0.837841031421217,0.824839372526696,0.909676991778756
0.834945409715711,0.886442531690943,0.965232834145837,0.841757562441029,0.926989588799606,1.00525161023134,0.935725191889267,0.832225467968724,0.795572673260261,0.899024370599706,0.769167247243174,0.828188339045207,0.890713201667314,0.880022182326219,0.845950089968648,0.833969009598944,0.875180714889431,0.82840802148189,0.755757867114985,0.74804471529742,0.816536827786107,0,0.821965119680241,0.843637469671436,0.94287391249745,0.807725133091282,0.76589673985672,0.884242277069748,0.814570358475662,0.859114401162068,0.842790409795929,0.818406251353652,0.827826514385346,0.823921715893141,0.823032944658436,0.78329929241136,0.84480702310812,0.82433080480414,0.797081775729597,0.992722660034882,0.836816581754321,0.869407924348381,0.926271158109514,0.847044045961289,0.809066357407552,0.900260262123036,0.796690261555631,0.913888230517701,0.861857007704887,0.847224023992882,0.836456375031335,0.796559690067031,0.86284110595958,0.956738949791956,0.899167835691658,0.743484320006666,0.745626841761913,0.916666167013854,0.928848121542331,0.836906214854154,0.758332652410109,0.844419365009386,0.805144221054157,0.878620766720391
0.834110039167933,0.885565550104438,0.936570762822224,0.863027101413159,0.958378199913466,0.950040607051641,0.892980010750465,0.881231492229258,0.840139100987558,0.890783962816824,0.806315455591707,0.85642648615637,0.887126883028832,0.891841956156022,0.858048479850043,0.879447672623248,0.885267355656669,0.821816954585708,0.795030761882708,0.777248051112448,0.785351635571647,0.821965119680241,0,0.956316306518794,0.945130600165641,0.83807923869082,0.769908545365619,0.878668058994468,0.807268016432176,0.839502922235012,0.858110781741542,0.817435237487832,0.831558083884146,0.867039384840384,0.810304271678554,0.848593517802395,0.879648884317559,0.812025606929074,0.797357321346574,0.933811943026422,0.834326079303631,0.918937291355769,0.947493067793261,0.843768910290786,0.847566333609975,0.896195510092333,0.830284420135184,0.866452404587765,0.90410438727157,0.834164099856173,0.837832146878138,0.83286029273377,0.866062337337364,0.927799329533297,0.922747113876612,0.786545362183965,0.77096817736687,0.892516975242918,0.908826876214464,0.862666018145867,0.811621722079422,0.8573967373401,0.82091492901928,0.884302508201292
0.875033586738503,0.888352846147637,0.919023008499007,0.885032951064316,0.900356901140072,0.95654892636144,0.907025685309289,0.922590709050836,0.863096937043089,0.939392156612481,0.876398218819062,0.911778888299409,0.914816999834129,0.897557788362463,0.909798178355866,0.877934411125019,0.854802652235912,0.83391733263062,0.801098359473549,0.837894503493362,0.816924460111586,0.843637469671436,0.956316306518794,0,0.991708884142379,0.88423500079352,0.805087884805631,0.845357297193584,0.806372169217438,0.828317115995369,0.869958212541685,0.856578379230519,0.874919768884049,0.890424204568887,0.881789427991346,0.892315895368053,0.899096037840748,0.86659593689353,0.852158339210286,0.908393376981762,0.860200383604371,0.93589078699221,0.97133164336513,0.874896594124626,0.858376202611021,0.933795140403869,0.858763285672925,0.889466722278017,0.888243525018773,0.885490704667003,0.868746767973004,0.879465124314061,0.887273063228587,0.936562325018676,0.936555223487371,0.846894039044196,0.852387510571642,0.904312206146081,0.90309130792335,0.880040118242014,0.879761532497706,0.840273898755489,0.841285072147442,0.903274653093388
0.912108083560954,0.919571328399752,0.924475911890467,0.917101621904056,0.94372946205842,0.917775472287585,0.924497521753105,0.977500832354888,0.895358508306688,0.951396665949656,0.941246016060984,0.934460610087462,0.914824902113813,0.896312334933214,0.937547936840039,0.940519503840513,0.899914408672008,0.882569290479567,0.888824078194135,0.911768044636006,0.855337071236374,0.94287391249745,0.945130600165641,0.991708884142379,0,0.919594316715961,0.871183022790623,0.871497832941732,0.857419479886168,0.85231705904375,0.87357664338838,0.88831156433408,0.886777664755103,0.910265348064839,0.882161133943255,0.930009489730203,0.905232628539265,0.896367654243027,0.918756666346057,0.884512633966577,0.915477793505846,0.957511675654292,1.04242087656883,0.895060757292679,0.902883027849622,0.920762891961197,0.904155241230865,0.887325053523445,0.91912415996634,0.913870976142345,0.902997930196328,0.894320080119702,0.914886932501419,0.958764185516555,0.960192688961268,0.919326139128557,0.917112187172179,0.886297287063531,0.894376726857597,0.915415972849782,0.932226016358929,0.870048865657121,0.914108495346494,0.923975861174942
0.847868175597729,0.908880963297389,0.949780663928099,0.83719478556961,0.920436173229745,0.942720931030933,0.840254913768078,0.994081894294424,0.794811999207752,0.885437663821171,0.82294011087128,0.890584079693544,0.897831584390244,0.833856934149508,0.873265600886088,0.838857619067031,0.905141936902114,0.8543099144749,0.791489886636478,0.847038108245331,0.820729594660959,0.807725133091282,0.83807923869082,0.88423500079352,0.919594316715961,0,0.76348085260934,0.874525222541198,0.79146162987011,0.843321026314296,0.836329951836792,0.832384341208231,0.835939693587802,0.85690825077374,0.799324922779652,0.869597006301469,0.85990579829154,0.809350971675254,0.85492236823356,0.935976335515742,0.848820303848853,0.776471324808915,1.00822816664047,0.83911268697487,0.809743796966782,0.942541004168575,0.885131631884282,0.872552376657107,0.881179228083823,0.84800204271588,0.839451422983057,0.82843211514067,0.836756452582661,0.88991867628184,1.02486490194926,0.819023269360081,0.821844211426028,0.910001655891324,0.899926906412491,0.867220813529019,0.826194593158256,0.872873198104321,0.813167898712312,0.91079016449717
0.838917106768068,0.905097062079142,0.955826027890587,0.854783896095123,0.940848889346157,0.93830927173524,0.853800767536634,0.92238453964098,0.878756535580637,0.908145312527763,0.776421329898297,0.837236941842602,0.86341088888056,0.865143009213543,0.879134177839727,0.812900374223493,0.899705007192379,0.83833039327195,0.79456693313134,0.797055143478683,0.819008453442733,0.76589673985672,0.769908545365619,0.805087884805631,0.871183022790623,0.76348085260934,0,0.974030839354245,0.793766011454784,0.860449394369796,0.864997417790333,0.84959157161875,0.832371210426771,0.851764840120783,0.809494181933092,0.826428722090395,0.817851171402655,0.830982717363833,0.83134781614431,0.975573671361621,0.836785068398441,0.727859534298285,0.874599818637956,0.958307337028469,0.916146168891459,0.962480954613639,0.832306060574007,0.877917603240046,0.859851396456033,0.823187242639991,0.841975333841244,0.790933750193144,0.836500880230875,0.835217561050763,0.935064789707072,0.815451012228773,0.830839224330765,1.0157911585103,0.965871251319372,0.789225614168273,0.778581989020873,0.843087370525148,0.813430716681069,0.85760795016197
0.894609419501117,0.93568766951215,0.916815745779126,0.909315415927328,0.887006358944663,0.944222703327289,0.91905146996081,0.904413383441154,0.952446646975244,1.02646397850187,0.964446960758696,0.946191540508999,0.926560592547846,0.891250783797507,0.908630217654318,0.918802814563409,0.898756064767239,0.899489114900811,0.860247441302874,0.89507145194029,0.886867796087132,0.884242277069748,0.878668058994468,0.845357297193584,0.871497832941732,0.874525222541198,0.974030839354245,0,0.894457830521439,0.866012567284811,0.898313285217601,0.88968573096845,0.881367219348272,0.902819952992603,0.861583419466632,0.898772098767283,0.91000739923792,0.888295072650747,0.909475113290783,0.90650838692393,0.896485194822357,0.882892594297371,0.872772723908505,0.946493290314683,0.9790574598791,1.01355511134823,0.877991132787507,0.885457627033801,0.885821979173884,0.899783975437159,0.890655189000184,0.891761287717726,0.910634455894576,0.907673486211879,0.889400839754751,0.882892742477816,0.900812089551583,0.981107406825873,0.998937956422696,1.00132449240388,0.917663390779926,0.859931215071771,0.848870028313647,0.94486131562116
0.833801037602875,0.900412612779252,0.956697731749144,0.838803691790581,0.898543825582884,0.908366884620513,0.830363780586062,0.910550464064203,0.80563443010824,0.926791518704924,0.901196174043401,0.972789709127782,1.00426346351322,0.849147549229732,0.86282247394584,0.812451127552927,0.885333776272142,0.872716984362946,0.796946120216927,0.834084236416352,0.83834426129795,0.814570358475662,0.807268016432176,0.806372169217438,0.857419479886168,0.79146162987011,0.793766011454784,0.894457830521439,0,0.912312595553358,0.870459456949615,0.875331392046037,0.843398740348924,0.882535245246981,0.816109349706757,0.86338087739933,0.827927804384963,0.855355004387452,0.898655979024074,0.963817489434452,0.906880616282789,0.757027541099544,0.891041586053576,0.844893360426406,0.84784940728354,0.959983026574826,0.955187508342494,0.869251115218972,0.850680557296327,0.860481282677554,0.892628356127747,0.805118116260382,0.856596243630762,0.843364817093541,0.919427484783118,0.81578010440606,0.819097911004224,0.864153179103079,0.876080515730578,0.897886874582555,0.969708594162481,0.86661079024809,0.829341885097678,0.883135994974314
0.880617893493129,0.889414342561693,0.93453936045442,0.884819902604789,0.89184130802061,0.932585479859696,0.865366165020433,0.92123151949083,0.90788736394291,0.898140249823101,0.846394371833257,0.904718296015789,0.913112010530372,0.953657641700681,0.899977020523759,0.861938717854402,0.884430098938235,0.879455824065841,0.8205031942705,0.87559678992101,0.84031044407079,0.859114401162068,0.839502922235012,0.828317115995369,0.85231705904375,0.843321026314296,0.860449394369796,0.866012567284811,0.912312595553358,0,0.928523741936197,0.940662422608243,0.871766465800627,0.890269278111209,0.861220608519036,0.90646903842231,0.868409394179101,0.899246994563109,0.906740990902857,0.918082621815219,0.892251593610276,0.856847265058134,0.901863181664073,0.878357488646605,0.889365190085017,0.896113514504833,0.972779350121821,0.900777506103578,0.856689145574301,0.852792583795311,0.864372375521733,0.852076503494477,0.864108685932801,0.86649658005418,0.875260483082723,0.87548241176184,0.860626920114989,0.876084915073723,0.826867853254523,0.833226878614784,0.960557805341116,0.951047297976075,0.975140204815163,0.850898235814244
0.902416885602595,0.924887118656585,0.94735480821687,0.904573572495384,0.945160021604538,0.940263620154802,0.896736280529712,0.900768006651505,0.912048302005712,0.870571206236267,0.861032026658584,0.883751424046185,0.902792675057161,1.04811011757832,0.949320061161342,0.891902103259563,0.920327108234919,0.883870026081504,0.844029660530127,0.863956378249251,0.856586688507436,0.842790409795929,0.858110781741542,0.869958212541685,0.87357664338838,0.836329951836792,0.864997417790333,0.898313285217601,0.870459456949615,0.928523741936197,0,0.957728666554935,0.899312109067399,0.898528798306234,0.867084352048327,0.893530931784277,0.902146269592534,0.868443550642449,0.880313964080629,0.949825959562278,0.911020322345184,0.845745384761998,0.906639477555876,0.91775144619184,0.919293131014503,0.906005559754668,0.957025350536342,1.00296028985463,0.901486960154866,0.89326229775816,0.891701170387684,0.875510891151329,0.902776783497174,0.89939768188717,0.92866627817292,0.878537929391354,0.891336267515668,0.934339367803849,0.92177070335967,0.867629000073782,0.905445737895555,0.9754555088534,0.967680977550994,0.948044134470675
0.890684154112908,0.910079545905907,0.951113035470088,0.894905025551128,0.926596128481015,0.982297430382683,0.907644079373034,0.895794436807928,0.878465975889324,0.880579018861965,0.847046430284327,0.861572428401028,0.920853782599362,0.976231995854179,0.970809294418206,0.954569881745631,0.934964653842808,0.869811265147758,0.846191393715008,0.825751975963579,0.879108010564251,0.818406251353652,0.817435237487832,0.856578379230519,0.88831156433408,0.832384341208231,0.84959157161875,0.88968573096845,0.875331392046037,0.940662422608243,0.957728666554935,0,0.868480551039399,0.884329490806339,0.864248596198182,0.847940402437518,0.909301244340368,0.845310146651937,0.856697915442921,0.965184536289589,0.878631900417417,0.857990632435893,0.895279345908797,0.918556715423199,0.882743130634368,0.888610091377081,0.928559141657523,1.04631717778307,0.905321857585931,0.875938588462761,0.902363889547241,0.867289586941352,0.879883717526461,0.871504284054659,0.931292233628436,0.85499397753398,0.873296585821566,0.941610995342922,0.948825233274412,0.890599709147502,0.880270975713205,0.956656910535658,0.923283888116283,0.963440968094479
0.967277286012031,0.951840888711835,0.959923965996582,0.849516121534014,0.908498612486789,0.899003880818649,0.817661764322059,0.87851498476285,0.836765831835903,0.893980342141305,0.831770597086418,0.873855102527175,0.870521086813275,0.858385240752545,0.863014302442691,0.873877075748373,1.04000701168464,0.839098382746611,0.812103845522686,0.832149764097029,0.828231634348929,0.827826514385346,0.831558083884146,0.874919768884049,0.886777664755103,0.835939693587802,0.832371210426771,0.881367219348272,0.843398740348924,0.871766465800627,0.899312109067399,0.868480551039399,0,0.844999796492264,0.803852002008164,0.822723477760644,0.852453777055285,0.856909710245308,0.828399965466302,0.885467538262809,0.851398237092663,0.82596085130195,0.918432584700279,0.872855377127714,0.861331854831866,0.910612320411933,0.86795691901149,0.86313132894669,1.02148931961235,0.905306825001374,0.862414372007573,0.842005755825463,0.838488000472573,0.839470079236241,0.89845951043857,0.829144260435656,0.79853809211425,0.859983375878254,0.853042665828434,0.844820219815441,0.86493879023365,0.843695596921811,0.83904226489782,0.876021977460738
0.875192288812545,0.945817620545709,1.00482381490804,0.963222195365402,0.887066776060312,0.932696085671005,0.875315710688833,0.872199448170098,0.853947316594044,0.901231418201577,0.850685852498662,0.883208876980326,0.907878853429385,0.897310393137731,0.849778801201097,0.86170498308237,0.847890985029024,1.02915751779418,0.863944532421643,0.841810837609009,0.863853065529983,0.823921715893141,0.867039384840384,0.890424204568887,0.910265348064839,0.85690825077374,0.851764840120783,0.902819952992603,0.882535245246981,0.890269278111209,0.898528798306234,0.884329490806339,0.844999796492264,0,0.937330497033688,0.884680933559011,0.881133751027976,0.827178179093179,0.856514077627105,0.909214665758293,0.850068562469312,0.865713326749065,0.907483892231093,0.877165658167048,0.858686637750183,0.895502978196547,0.851175245871531,0.920620029966733,0.856928992236824,0.925947016836452,0.987112923999786,0.882469848241134,0.874247643293182,0.863387654591061,0.930809545382776,0.848252296031658,0.854965389198856,0.901771268274094,0.902809609238453,0.898009153107399,0.862660851536786,0.880628191589323,0.870674981058471,0.915476514967912
0.830534730749739,0.935019388438243,0.97002693237065,0.938466773492643,0.962339380427558,0.875610784216375,0.846839458406454,0.897500387243059,0.853974240456659,0.878968636393666,0.833021434034686,0.872346593272885,0.878770825913891,0.871958485806369,0.876810044915301,0.847716755500206,0.886480188755567,0.994548061165142,0.859810049756362,0.888338763749596,0.800799886863692,0.823032944658436,0.810304271678554,0.881789427991346,0.882161133943255,0.799324922779652,0.809494181933092,0.861583419466632,0.816109349706757,0.861220608519036,0.867084352048327,0.864248596198182,0.803852002008164,0.937330497033688,0,0.959094875532068,0.900623998848665,0.800321782966874,0.796483269282071,0.879767875433235,0.796257838981952,0.785370661341466,0.898554590936092,0.847720509506337,0.838424694524862,0.88027541929803,0.856956942288612,0.834937311499534,0.879778864646759,0.8758687929696,0.867280332921398,0.881352788826001,0.855322821205805,0.878673907958355,0.928961267149914,0.789288743789741,0.813195087087848,0.919323830799935,0.89754591675794,0.855129775125128,0.848565579751258,0.864680582470321,0.867872210698985,0.914928931009381
