0,0.82718305180935,0.934544716756775,0.832938393162414,0.837392857616311,0.798137136661012,0.800433372999236,0.813459282887711,0.972066611422517,0.996170328147487,0.795092382302055,0.813327694662735,0.953700206710722,0.76589744385024,0.822432361501655,0.903429280664048,1.01453420700771,1.01401071364381,0.799463270785177,0.881682782149411,0.834052518705456,0.773284385945425,0.770141932101506,0.847278943647714,0.868159576124981,0.852467024237288,0.838826618336729,0.929175528482135,0.894618262630098,0.759818049373249,0.811910208809704,0.846309277453443,0.927149248917007,0.883231127883562,0.804762140093308,0.886354259207471,0.776352252574349,0.865599363341527,0.848346580358311,0.916933887799214,0.811739812072409,0.908233181139965,0.7835658095746,0.825874553232437,0.810263551439978,0.902827629821249,0.887496594766939,0.801298842702455,1.05306467966047,0.860185350416261,0.755436485499843,0.775679269802938,0.807517955131972,0.800200231749822,0.884172029142681,0.806750095409252,0.778943614093673,0.714585855897374,0.90949756688171,0.973784363722385,0.859744134551621,0.873815212403084,0.835542149846248,0.952904055202898
0.82718305180935,0,0.88345255989824,0.860144499889718,0.832103551197787,0.805084555479996,0.770277447210136,0.804138648324323,0.887197692414661,0.847209856734769,0.878105067740823,0.878344844182847,0.899163032931498,0.850250192504076,0.847446387323689,0.88549244011832,0.85577010372415,0.847140257846474,0.943830497461063,0.85679691115869,0.848076487844873,0.832169091643076,0.819359548466325,0.906919850001297,0.911179116429912,0.830786274062845,0.860013625851958,0.898179503940631,0.947485231936645,0.83435993826189,0.892145165028411,0.87955936627876,0.827484535725988,0.860999033874818,0.869818199441816,0.870508150004626,0.941491758056937,0.94393621942861,0.925674834168854,0.864100863721367,0.840155569858235,0.882231484877577,0.806674751348378,0.804261348271868,0.832186972614097,0.86533851288764,0.855315340245947,0.813752826898154,0.892482778556322,0.952084752747895,0.872826716842929,0.979810383728572,0.850253457617081,0.834437423549756,0.874178939225742,0.809514248337956,0.841774001339825,0.821165079367984,0.927294415719776,0.920496462205368,0.872045385681134,0.854071791467487,0.799367363004641,0.917900202700367
0.934544716756775,0.88345255989824,0,0.935863357371836,0.985269204097163,0.936549355349487,0.877010202334569,0.864630440918708,0.817041455388023,0.868115913798243,0.870111215706018,0.856727701460414,0.824409590834852,0.879374607471363,0.835613311371041,0.88453675673606,0.923077510885452,0.876206319269722,0.993583190601088,0.95226445981231,0.951863661923848,0.872798325737512,0.835279973921598,0.886919403897468,0.921005747250172,0.91670256987202,0.897459042772288,0.915640788222454,0.868614572082072,0.984210570666272,0.88776497213833,0.851768324878562,0.83274069024944,0.845407533323822,0.870935653934612,0.854482819308687,0.977685594970044,0.918841747398261,0.984232185754636,0.970178179273415,0.896712592130385,0.943578526278936,0.91018065051047,0.899933524301338,0.894751219613628,0.899113431011817,0.878534354560695,0.998334898389901,0.903222728944841,0.893930989846562,0.921426326121925,0.938805461948465,0.899224175813268,0.930405930580932,0.863119165496429,0.894806885764184,0.908021980382191,0.996051858700799,0.836532067738017,0.846174134260269,0.932952416288822,0.881208916566044,0.935975563387857,0.886048989006849
0.832938393162414,0.860144499889718,0.935863357371836,0,1.00888392636505,0.913003625504006,0.850455088658881,0.888163203201048,0.856796045606942,0.977557884611726,0.786869450228008,0.828959294147567,0.867201290684528,0.816202512580476,0.758328764410781,0.862102859245543,0.907498933102648,0.860636403958799,0.868714266811659,0.94013456607114,1.00770483146388,0.793934929573552,0.776723370690432,0.82426771448748,0.87369348513396,0.895889942014732,0.853438502835359,1.01765941487141,0.709754702649111,0.941604001272358,0.836884085521523,0.787120257028415,0.80169151756594,0.791880514352862,0.790885869110776,0.873902229353984,0.895499650690778,0.891200858065861,0.903553550372879,0.921743363366188,0.791048228350693,0.94444879999567,0.853216866812183,0.86903285552076,0.776732819624651,0.873246676071204,0.907460407373821,0.946390207174529,0.914802927554417,0.831997072542985,0.8313368258792,0.848626648622115,0.78975367155259,0.811238343089437,0.865775195014721,0.810822075497721,0.737214670150656,0.935841228249435,0.752971264145079,0.890389967413251,0.91267259428065,0.87203376797956,0.883158487137802,0.895746274775751
0.837392857616311,0.832103551197787,0.985269204097163,1.00888392636505,0,0.941403411516047,0.880503898829365,0.824051516970939,0.801517108880851,0.905525062104427,0.831963496523321,0.814210791425838,0.801895051771531,0.793313518033895,0.805938467184515,0.869214787993964,0.912551332756737,0.902655023156941,0.848964035691039,1.00872695604244,1.0596039092326,0.854290330947401,0.800924950818224,0.926354776332809,0.908246404038399,0.902379177235982,0.908979456225128,0.924138680296019,0.730077541295843,0.918866348315105,0.900349587153733,0.871930988272332,0.865560030327117,0.860507697462181,0.855233425177229,0.907022091338057,0.804929864074299,0.932343164372594,0.887979336507265,0.897516975503568,0.802321400712654,0.9527524736689,0.837721877871203,0.843721142464468,0.922777441157196,0.907173363712904,0.969220031153965,0.941791198534574,0.851268898465184,0.878402606340633,0.906362779099595,0.840513221315795,0.865170885679618,0.923655172776942,0.882560205686386,0.83167163186054,0.846432298362814,0.927657079729995,0.82147766362792,1.00954727064453,0.91552511402093,0.87725376721147,0.823834094929153,0.905823776418437
0.798137136661012,0.805084555479996,0.936549355349487,0.913003625504006,0.941403411516047,0,1.0052570733051,0.960678157698443,0.988502733790399,0.896814240387849,0.809938734068782,0.873925219770082,0.887192341849637,0.842595501253981,0.797988445990889,0.859655672445181,0.904247420219397,0.861024326879956,0.877821143645701,0.912914972231025,0.959070058449257,0.950932373769583,0.858869889833886,0.864790977935176,0.875168739392668,0.929628161892638,0.865856648533606,0.878540865127248,0.963335100310318,0.802844908822727,0.827351231654086,0.948622692084387,0.930394164455691,0.885831552562343,0.838169363116842,0.902616815927979,0.800248492772981,0.857461357914544,0.847251861896192,0.878756156080079,0.748935072565763,0.891820040027366,0.948290923972209,0.872111508790837,0.874342357955701,0.820430191702878,0.908912936431928,0.821606161837576,0.935107569802666,0.896966753098278,0.855376851941326,0.84527005271072,0.924042339501165,0.874181240698908,0.877708045610892,0.814883948633356,0.850335932899064,0.800376320134678,1.01867905147593,0.998672456888877,0.86942020216661,0.889637272295959,0.8210670774459,1.00019926552026
0.800433372999236,0.770277447210136,0.877010202334569,0.850455088658881,0.880503898829365,1.0052570733051,0,0.918639631449583,0.878208222490939,0.84282261555127,0.860494185958789,0.84536690582883,0.850628073136986,0.799323055475165,0.802586661863004,0.885877460109682,0.80382914570598,0.846463637550711,0.813078982564368,0.991201622099765,0.995220036727302,0.901770707728538,0.900509055018074,0.904059407776387,0.862084122431243,0.842181257266004,0.884331217139826,0.912425790078761,0.931806164751049,0.838449056503192,0.894030455989682,0.874611954954639,0.909785590811205,0.917561083661716,0.930467200367557,0.87837939991948,0.870469861929995,0.820766859866281,0.841690986723429,0.904085522682658,0.936317132601356,0.88807616108681,0.821108323183752,0.896113552126794,0.868912501085187,0.902856142105558,0.907460999132958,0.862469106590409,0.904063137995584,0.945884118427108,0.832867779455181,0.851397749866036,0.910257735939118,0.832161235677513,0.910047381767574,0.883660963252095,0.810045601089513,0.874385874732491,1.01753670957664,0.893629433553274,0.869374196155122,0.844242401254704,0.907278533385176,0.880216306287712
0.813459282887711,0.804138648324323,0.864630440918708,0.888163203201048,0.824051516970939,0.960678157698443,0.918639631449583,0,0.911704279999339,0.885209762313331,0.842877024577991,0.90254682251215,0.847225045797564,0.842782684906548,0.890011424848517,0.877817272371486,0.847988754494405,0.899393439786572,0.841228376630661,1.01287565022536,0.999246860664221,0.938944284392925,0.888253634629494,0.953100104446381,0.803990853110529,0.880531115718551,0.903705341117811,0.820490948996064,0.96617476162401,0.819348749936939,0.895924163029379,0.93634609562713,0.919634336331893,0.9650233905661,0.969924777703692,0.892399181332464,0.876647795009652,0.858965451787881,0.897883400247587,0.863213554378155,0.9613994133166,0.975061805520653,0.848111067594748,0.884868549400895,0.902438171071556,0.935467051096388,0.88680016419478,0.859987780264787,0.924324124432403,0.926097472203345,0.857860792547049,0.891453627705648,0.979528594193464,0.891769206716806,0.91903763797501,0.869659627258522,0.920460353955071,0.936378703046791,0.958365584901274,0.92153278679232,0.884198982414151,0.883341917658679,0.891661365896448,0.933255281895883
0.972066611422517,0.887197692414661,0.817041455388023,0.856796045606942,0.801517108880851,0.988502733790399,0.878208222490939,0.911704279999339,0,0.876217367898091,1.00769037938322,0.889390596147061,0.824555514300106,0.894556045956656,0.929360912373099,0.912649610398073,0.902165904081503,0.916837315978505,0.915126265754169,0.886354577927617,0.963292030628457,0.942292510098504,1.07719763451336,1.07418374120469,0.979097308204009,0.818555947820117,0.916645613726934,0.912761306626386,0.83473746109595,0.958153638265933,0.967965644858943,0.897044363285249,0.899049515863699,0.898883341958692,0.945359759569104,0.882620947904189,0.973074219498908,0.906155695177197,0.939717934444228,0.859745919331591,1.01714237182928,0.961312143824769,0.893686929650072,0.864689325736723,0.986296476211299,0.978906181320166,0.915472964353303,0.987460299336026,0.906000241936491,0.888497078645313,0.918673648148704,0.971760582993319,1.01769693888116,0.933841464687449,0.913380041497917,0.893512601382679,0.933670414808787,0.997261834509805,0.876747889775948,0.906057139675489,0.93929276917807,0.926352678126228,0.940228107718843,0.884696722328394
0.996170328147487,0.847209856734769,0.868115913798243,0.977557884611726,0.905525062104427,0.896814240387849,0.84282261555127,0.885209762313331,0.876217367898091,0,1.12257132778466,0.863491093435864,0.831662600791165,0.902483606268533,0.865860724927049,0.922133329404089,0.942938607820584,0.949077793385072,0.973401513190338,0.816974635880298,0.864667917828565,0.967427607070252,0.986246376368972,1.04475962883177,1.13563062700314,0.867996426736677,0.94194656996518,0.891931761821562,0.94338375207064,0.901187777468276,0.97012049152848,0.922093381742916,0.869973318165346,0.922789548855418,0.906047996002848,0.890498143784054,0.93546918620503,0.851897467615521,0.907118929012319,0.878370476941186,0.991241570914672,0.94184464429284,0.971939098112359,0.814735015026615,0.955876252366163,0.976869400976441,0.945966070867104,0.9377378387834,0.842993013426916,0.95761852088344,0.923308791384382,0.967747570184922,1.06615376380733,1.01747265911068,0.880307413454207,0.892184317373776,0.96725987610494,0.97094000072238,0.86334297538692,0.916810907487387,0.963393273827285,0.963669080247967,0.938024846788202,0.89823956961853
0.795092382302055,0.878105067740823,0.870111215706018,0.786869450228008,0.831963496523321,0.809938734068782,0.860494185958789,0.842877024577991,1.00769037938322,1.12257132778466,0,0.864885049411536,0.909113940940323,0.841289299398541,0.801664320779486,0.857242825216008,0.885593902617213,0.836810823224296,0.804497129565304,0.880186653408508,0.917100425147665,0.791394765944134,0.726822444245495,0.846903387745338,0.983515491855862,0.979876169930849,0.880925149121878,0.917145566857241,0.91853573605512,0.852144959177942,0.80963232758399,0.872317628134544,0.847392226541436,0.816631411288278,0.827487706536077,0.852705849565036,0.783628119551384,0.912857382406904,0.843317612626386,0.822637494663931,0.778619257675008,1.01748042894152,0.978776395744389,0.8727252975606,0.743864374770668,0.797623777017288,0.876381916761307,0.84284595549898,0.952716696411151,0.861348095234024,0.8574801736764,0.834024431804667,0.737866546916834,0.898682978035597,0.837109362849038,0.840717447151528,0.773883385732063,0.83623224594189,0.937544534826794,0.931232138230512,0.834905662432251,0.789966594552294,0.817999773688775,0.980212782982503
0.813327694662735,0.878344844182847,0.856727701460414,0.828959294147567,0.814210791425838,0.873925219770082,0.84536690582883,0.90254682251215,0.889390596147061,0.863491093435864,0.864885049411536,0,1.01902809053705,0.838755321934859,0.783375969086294,0.946294680278084,0.912181290110608,0.88965523756775,0.8636253180102,0.836184879785048,0.863671718620698,0.877916626301796,0.881030753622775,0.873124178936091,0.922033852138932,0.914041417730243,0.955564339133707,0.933393695070124,0.889207999065906,0.923033052777712,0.896746640420393,0.881079498295928,0.865177952013443,0.870604477041013,0.815353154837407,0.879362775115708,0.887625713466651,0.880170830164529,0.862800258235546,0.881726359064466,0.842412720323536,0.83650867107367,0.844737559455448,0.922334794713615,0.966734475064075,0.932623836502073,0.922396830852224,0.894460578780297,0.903303412070646,0.867538921738657,0.858256917235633,0.89286393572212,0.85326132309025,0.844229095401526,0.979646403784365,0.98264468807779,0.833567386487515,0.869441468839594,0.896676878379847,0.887055243804234,0.878508892611984,0.840809889651149,0.87212581736043,0.85412778653311
0.953700206710722,0.899163032931498,0.824409590834852,0.867201290684528,0.801895051771531,0.887192341849637,0.850628073136986,0.847225045797564,0.824555514300106,0.831662600791165,0.909113940940323,1.01902809053705,0,0.988432643824552,0.951077661955156,0.851218063122136,0.937888191901308,0.940099258770787,0.928713130189333,0.922433013852931,0.96224340930171,0.931971040695901,0.910843314019533,0.960377166277337,0.916289120648254,0.913121809631873,0.963138357875355,0.881393089458854,0.947927710122046,0.909822844682779,0.956016471754897,0.971664098298954,0.873892306252545,0.888251286146073,0.941236823629393,0.865899082354398,0.923515466864746,0.942880279896261,0.907776709539534,0.840730395419762,0.919457250539371,0.879548002717217,0.90689205398958,0.943082423300422,1.06849012135568,0.978031170582949,0.910158120259568,0.917546813915845,0.857518765408784,0.924464661434626,0.931879999047438,0.964419475212599,0.934500726006677,0.93389504005969,0.971371125674717,0.98944878031966,1.0045155308695,0.953280964383003,0.897846781027209,0.903401532587395,0.911375047317028,0.910297687298748,0.908928194954952,0.922057237770839
0.76589744385024,0.850250192504076,0.879374607471363,0.816202512580476,0.793313518033895,0.842595501253981,0.799323055475165,0.842782684906548,0.894556045956656,0.902483606268533,0.841289299398541,0.838755321934859,0.988432643824552,0,0.750108126699302,0.895959822597533,0.861872153768086,0.832790224498775,0.794340473838173,0.786742554693687,0.864071191036323,0.831644742413083,0.818357105916499,0.878424990588528,0.901047120307129,0.87302537742251,0.88067619987967,1.00870411389423,0.881874223838821,0.839421282954209,0.846071057051361,0.876712520652286,0.848292918621589,0.787970888521985,0.777258256221458,0.898713458047531,0.824859052575449,0.857962381349401,0.829039473839972,0.871580552417342,0.766976307764178,0.811488905125789,0.719543981439828,0.809694473022632,0.95331134321887,0.959490966921418,0.974050478159211,0.829172435690435,0.921348591488527,0.812653808080586,0.803440971219826,0.840856277008544,0.830326051396294,0.788499391809082,0.951084053737963,0.827505058397433,0.839295279686599,0.796861831751925,0.890893564606017,0.925551046370922,0.789642559216473,0.811681905438817,0.806763389731648,0.914937548324663
0.822432361501655,0.847446387323689,0.835613311371041,0.758328764410781,0.805938467184515,0.797988445990889,0.802586661863004,0.890011424848517,0.929360912373099,0.865860724927049,0.801664320779486,0.783375969086294,0.951077661955156,0.750108126699302,0,0.953345339009699,0.894615566609069,0.824718940516605,0.787659727158911,0.83243646579226,0.89331027202736,0.831192336025408,0.77269552377374,0.862798650438757,0.948164568188844,0.874079146997532,0.853535331308298,0.963573838915365,0.861323621899544,0.933014762454562,0.846297650017196,0.828512464525901,0.833471730628673,0.808019600614426,0.774110265169555,0.903980100764539,0.812676833065991,0.871685196363061,0.855750202316906,0.824727176743146,0.720075883200754,0.869837491228046,0.837262800391834,0.83181969876779,0.824711538718162,0.838428813714472,0.920951100479383,0.903748519676494,0.865751504001558,0.791883840365399,0.789311808815088,0.815505393864855,0.765088256371378,0.757580052755511,0.805191602463157,0.744814495286856,0.6984078919931,0.783298488664997,0.871665042186265,1.11718526987932,1.04409402315419,0.892130484852793,0.751416946808509,0.834352367830735
0.903429280664048,0.88549244011832,0.88453675673606,0.862102859245543,0.869214787993964,0.859655672445181,0.885877460109682,0.877817272371486,0.912649610398073,0.922133329404089,0.857242825216008,0.946294680278084,0.851218063122136,0.895959822597533,0.953345339009699,0,0.894735498198148,0.921481991789269,0.910391340935664,0.795337781633961,0.892903369776592,0.874057952424175,0.903400896064838,0.869513340547836,0.843549451120642,0.926261409537939,0.920880221661529,0.883050417457365,0.968332976341667,1.00759128908949,0.970490486940718,0.984819377422307,0.891607955034993,0.892160877170788,0.923649735409164,0.870155396554817,0.882212718552825,0.912428123269036,0.890786324085128,0.859652647891148,0.879851801286612,0.931090065682179,0.932778432365611,0.930908324122953,0.865441872612689,0.884875609352857,0.892476202537875,0.920364892329516,0.868303974816801,0.899457041215943,0.872696353388108,0.882797819092484,0.888642436423683,0.878658063388102,0.876709642193566,0.861121992529633,0.835206246465208,0.902581023430326,0.982755889312167,0.926883760404669,1.01257846309881,1.05522774278476,0.928103044467753,0.987993998304665
1.01453420700771,0.85577010372415,0.923077510885452,0.907498933102648,0.912551332756737,0.904247420219397,0.80382914570598,0.847988754494405,0.902165904081503,0.942938607820584,0.885593902617213,0.912181290110608,0.937888191901308,0.861872153768086,0.894615566609069,0.894735498198148,0,1.04271967501902,0.840170036214467,0.930605142534062,0.83647706038307,0.784478938774451,0.837229124914143,0.864913109612856,0.849561675395564,0.806794708653646,0.846607621560502,0.913508201430836,0.92170870677955,0.846017214967504,0.840520364696249,0.840357753411578,0.965950572445463,0.950098777509504,0.917794219789301,0.907010168555145,0.902206354897594,0.87716805784121,0.870413311762621,0.933881976363989,0.953577911639903,0.911733525493391,0.820537093662707,0.88260916170648,0.843970257976159,0.933235685401395,0.892019641407933,0.873268274288782,1.02427191308101,0.899366172957315,0.82005942355026,0.831988635713526,0.861417738803697,0.830760043036951,0.925656729588614,0.900212817257441,0.867295115902783,0.817118289867228,0.986599331873583,0.862304211622783,0.905186197866874,0.895369755030306,0.896567346187309,0.885600246762854
1.01401071364381,0.847140257846474,0.876206319269722,0.860636403958799,0.902655023156941,0.861024326879956,0.846463637550711,0.899393439786572,0.916837315978505,0.949077793385072,0.836810823224296,0.88965523756775,0.940099258770787,0.832790224498775,0.824718940516605,0.921481991789269,1.04271967501902,0,0.83597433222348,0.828089141907667,0.8669811107113,0.817898220210328,0.804023703969869,0.837586178939568,0.875216433169588,0.845043389499826,0.809669224999551,0.887011364238025,0.866071833208204,0.877269634624215,0.788190393375572,0.804826272754785,0.906406678503241,0.892264134944384,0.873520845103906,0.938266871312292,0.878530283458049,0.819460113789696,0.846231169145185,0.927863752077388,0.830492761467733,0.935270824052762,0.82537199994897,0.842918048532033,0.884089243908158,0.866588905922827,0.928140336880014,0.883903779885295,1.02838124885443,0.857992003249644,0.81876958593036,0.888739010298753,0.810425759379642,0.804865551881212,0.908018345866736,0.839359685281256,0.831470341344762,0.822362884698693,0.896930701008418,0.910557053896669,0.873826536540691,0.818705004638709,0.850506987514847,0.855420144240143
0.799463270785177,0.943830497461063,0.993583190601088,0.868714266811659,0.848964035691039,0.877821143645701,0.813078982564368,0.841228376630661,0.915126265754169,0.973401513190338,0.804497129565304,0.8636253180102,0.928713130189333,0.794340473838173,0.787659727158911,0.910391340935664,0.840170036214467,0.83597433222348,0,0.86748203940705,0.883437524667559,0.78590828609233,0.793742381466506,0.807907869685938,0.854959654312314,0.836633969588451,0.818821451024204,0.958619945436742,0.798254532680312,0.835251494866834,0.779854770803975,0.812277338948405,0.813702535275419,0.750663217592272,0.769587383474552,0.827399996050739,0.897315954069603,0.942070161727123,0.991265179312162,1.01202083052211,0.800136139289543,0.859694962378077,0.778859431841566,0.80820689882479,0.797113205203081,0.858590838702179,0.879545435000663,0.855832726618622,0.915951676504671,0.824267313781695,0.817109173316649,0.90658632501749,0.767276967854576,0.788342104000158,0.900230560770663,0.807706501977157,0.759874365547662,0.843130575002206,0.831601968739279,0.863496857286888,0.8512331936696,0.880319469604839,0.806866161762693,0.876654714361772
0.881682782149411,0.85679691115869,0.95226445981231,0.94013456607114,1.00872695604244,0.912914972231025,0.991201622099765,1.01287565022536,0.886354577927617,0.816974635880298,0.880186653408508,0.836184879785048,0.922433013852931,0.786742554693687,0.83243646579226,0.795337781633961,0.930605142534062,0.828089141907667,0.86748203940705,0,0.966807301412442,0.935369734585628,0.840320261057289,0.801333381949678,1.01399051753986,0.84821890365063,0.838068510931854,0.876451331978849,0.916854926279704,0.801754438112298,0.795560861467633,0.857854235966762,0.848890159685643,0.798194397494844,0.800667715635367,0.875744336335387,0.829778996800676,0.900737007188914,0.887842040173459,0.920637726607064,0.709540457054494,0.791346109756616,0.93114870042229,0.795258031939929,0.890280703676208,0.886941813339806,0.952094366461563,0.850496601512109,0.904554495950518,0.81749330787563,0.828560577097346,0.889527540706715,0.907217862014762,0.890810053720381,0.870630496078733,0.803680790285152,0.870175369967022,0.730795701113296,0.823383695641655,0.958509872705424,0.922461061387684,0.929444257326949,0.822301087258408,0.987400072851722
0.834052518705456,0.848076487844873,0.951863661923848,1.00770483146388,1.0596039092326,0.959070058449257,0.995220036727302,0.999246860664221,0.963292030628457,0.864667917828565,0.917100425147665,0.863671718620698,0.96224340930171,0.864071191036323,0.89331027202736,0.892903369776592,0.83647706038307,0.8669811107113,0.883437524667559,0.966807301412442,0,0.944191374308266,0.912166780017993,0.79497669645749,0.903321960031039,0.867124997710689,0.857280599108968,0.899589804754939,0.986656152233142,0.872997654692033,0.850004371958246,0.893467913534984,0.903600781045666,0.914882377663247,0.887058732636681,0.966646451925023,0.927275922453369,0.857596809770089,0.910410222155284,0.986654502097498,0.9022933184714,0.79521366887528,0.918395216275352,0.904882155883112,0.857468017988314,0.878847061227478,0.929836309339094,0.874136288518543,0.946470236314153,0.90563139698359,0.850829877166909,0.877491851714605,0.962704396377215,0.856337703206132,0.965392065371063,0.9207825235365,0.883291133420215,0.830094572894441,1.05544663189007,0.890453969611068,0.862671674124964,0.836637589697561,0.903832051015858,0.951205476458479
0.773284385945425,0.832169091643076,0.872798325737512,0.793934929573552,0.854290330947401,0.950932373769583,0.901770707728538,0.938944284392925,0.942292510098504,0.967427607070252,0.791394765944134,0.877916626301796,0.931971040695901,0.831644742413083,0.831192336025408,0.874057952424175,0.784478938774451,0.817898220210328,0.78590828609233,0.935369734585628,0.944191374308266,0,0.84000160375676,0.878563722534733,0.790808498707078,0.797972605186494,0.817509754153633,0.870764443668308,0.853162955893338,0.808887739252469,0.841496865544438,0.795024147986435,0.860018497678337,0.885138482499184,0.872045241603917,0.904235441586039,0.852276469141712,0.869852986112476,0.839609944203452,0.895560920900458,0.927416070745832,0.956235745214088,0.774391969312032,0.856545072129445,0.844885916605308,0.937279187313616,0.856362757716768,0.844467373130693,0.885971488725486,0.897697006204907,0.811537042814558,0.811050819186034,0.911840968238815,0.766855954805672,0.884434826106436,0.844535482701394,0.77885932211968,0.822787472536359,0.91064477258718,0.906747696548377,0.878813420451872,0.8517519193023,0.814856076954924,0.864453666607115
0.770141932101506,0.819359548466325,0.835279973921598,0.776723370690432,0.800924950818224,0.858869889833886,0.900509055018074,0.888253634629494,1.07719763451336,0.986246376368972,0.726822444245495,0.881030753622775,0.910843314019533,0.818357105916499,0.77269552377374,0.903400896064838,0.837229124914143,0.804023703969869,0.793742381466506,0.840320261057289,0.912166780017993,0.84000160375676,0,0.920929231353051,0.82701013147293,0.853238317071887,0.789419225401517,0.878064992570262,0.764191571944102,0.852329896250579,0.778213599975707,0.779605415559543,0.807302424799345,0.800544522450332,0.799570794658889,0.856859332384391,0.830499905988627,0.888243212036544,0.869511796443556,0.834500598236271,0.82216917536544,0.972986366147119,0.790619679455003,0.825505229421924,0.843722047772032,0.868023611196767,0.878703627229125,0.847684179630454,0.891545704829963,0.834446121160824,0.822716922215198,0.836984134909642,0.904172351004682,0.77244919202899,0.827706191069898,0.783023293746778,0.741162194365778,0.845955238632038,0.818083299278077,0.888609431458832,0.867328647135328,0.848211409118516,0.764467555227382,0.877269877278046
0.847278943647714,0.906919850001297,0.886919403897468,0.82426771448748,0.926354776332809,0.864790977935176,0.904059407776387,0.953100104446381,1.07418374120469,1.04475962883177,0.846903387745338,0.873124178936091,0.960377166277337,0.878424990588528,0.862798650438757,0.869513340547836,0.864913109612856,0.837586178939568,0.807907869685938,0.801333381949678,0.79497669645749,0.878563722534733,0.920929231353051,0,0.909033537994076,0.841780815127085,0.782460847841446,0.961845110539741,0.785413352108973,0.90557344062515,0.80190349587762,0.802097661411628,0.823993334572024,0.780939938162199,0.804048202198731,0.886529083218338,0.905739091703893,0.893756393730053,0.875075456098034,0.861373074994516,0.956575283129435,0.914884003481292,0.870116224781672,0.830488796838145,0.80105992858656,0.843606642180707,0.906116990642396,0.887606090494297,0.884462548331027,0.838637373842825,0.849542793665929,0.880902152088092,0.889085918831089,0.790494234323134,0.899945583475562,0.862868198051671,0.822953013702319,0.817803773554416,0.849838081966658,0.863345799083518,0.895631088191746,0.890740423362142,0.848128032226463,0.893783840404193
0.868159576124981,0.911179116429912,0.921005747250172,0.87369348513396,0.908246404038399,0.875168739392668,0.862084122431243,0.803990853110529,0.979097308204009,1.13563062700314,0.983515491855862,0.922033852138932,0.916289120648254,0.901047120307129,0.948164568188844,0.843549451120642,0.849561675395564,0.875216433169588,0.854959654312314,1.01399051753986,0.903321960031039,0.790808498707078,0.82701013147293,0.909033537994076,0,0.92989769469511,0.892275693364526,0.896000155892394,1.02278307846242,0.840417120835846,0.87656645172793,0.930687104589334,0.906139042920818,0.899725231366527,0.951962631425162,0.906586376483329,0.903911137813564,0.919688456780376,0.903866974497159,0.899789564796362,1.03146363328586,1.13327670352972,0.917101987820238,0.939240424933915,0.842790808344261,0.886284878392531,0.900260180937162,0.853093400685487,0.96791672442441,0.929118779080644,0.880377980347254,0.911440546777016,0.855642897446453,0.909305775858696,1.00895044862657,0.88500427731492,0.930305697370502,0.848953106992951,1.09574871448545,0.94958562012747,0.823395499484089,0.820470591767469,0.898115253714943,0.96948527418705
0.852467024237288,0.830786274062845,0.91670256987202,0.895889942014732,0.902379177235982,0.929628161892638,0.842181257266004,0.880531115718551,0.818555947820117,0.867996426736677,0.979876169930849,0.914041417730243,0.913121809631873,0.87302537742251,0.874079146997532,0.926261409537939,0.806794708653646,0.845043389499826,0.836633969588451,0.84821890365063,0.867124997710689,0.797972605186494,0.853238317071887,0.841780815127085,0.92989769469511,0,1.00798206943924,0.925816419844527,0.875972160116398,0.840871685302026,0.848256468579716,0.842421466774048,0.883875723668689,0.883384377533733,0.902537055601288,0.918333667663365,0.88895393845523,0.844531872470577,0.85342751331964,0.904708362537302,0.910305502763456,0.916975348903319,0.932790138364027,0.944531281748441,0.867808574492416,0.924567779191786,0.862061793208699,0.884422825452148,0.86553534406227,0.912611204167118,0.879428615308288,0.863917849015198,0.84816259021451,0.961123478700388,0.95371278198833,0.927111457342013,0.837949300303696,0.876383706352967,0.891839583156481,0.892019630411474,0.889519723993574,0.914960648229726,0.882147927669337,0.857880757191328
0.838826618336729,0.860013625851958,0.897459042772288,0.853438502835359,0.908979456225128,0.865856648533606,0.884331217139826,0.903705341117811,0.916645613726934,0.94194656996518,0.880925149121878,0.955564339133707,0.963138357875355,0.88067619987967,0.853535331308298,0.920880221661529,0.846607621560502,0.809669224999551,0.818821451024204,0.838068510931854,0.857280599108968,0.817509754153633,0.789419225401517,0.782460847841446,0.892275693364526,1.00798206943924,0,0.913053446586438,0.810338502565311,0.886039245075864,0.783381043011461,0.803856111101944,0.841352117144979,0.857659707061347,0.82671739334987,0.882787683636409,0.861512216732734,0.830985453598503,0.851071825579256,0.867043056456864,0.790822920551496,0.905651996944287,0.918826204647006,0.962566685723419,0.828339935569549,0.837501755580981,0.879489315118709,0.89679030823487,0.866160917212364,0.862944736851722,0.861789897710854,0.867286591664012,0.794571881367226,0.893187690415647,0.935060123504707,0.877968205239586,0.779214201477243,0.840951475768439,0.798543807617422,0.831480214048589,0.912715174011601,0.888388366105557,0.806096485732027,0.848980607407762
0.929175528482135,0.898179503940631,0.915640788222454,1.01765941487141,0.924138680296019,0.878540865127248,0.912425790078761,0.820490948996064,0.912761306626386,0.891931761821562,0.917145566857241,0.933393695070124,0.881393089458854,1.00870411389423,0.963573838915365,0.883050417457365,0.913508201430836,0.887011364238025,0.958619945436742,0.876451331978849,0.899589804754939,0.870764443668308,0.878064992570262,0.961845110539741,0.896000155892394,0.925816419844527,0.913053446586438,0,1.00755254908664,0.87626325813813,0.899095815895488,0.982641143484599,0.885046255459636,0.979084303593518,0.962967241726297,0.904422372461379,0.875474851111855,0.866468007727494,0.895578365226816,0.842369225855303,0.909822130698487,0.960157500528927,0.868867667447893,0.867881279332877,0.961204652773438,0.976689751026322,1.03358576433503,1.07104898064601,0.899474422215379,0.951659340334213,0.929260271885928,0.951594975657252,0.90833811270626,0.949404713878509,0.84246178051007,0.926965375696285,1.06410443356594,1.13959035141809,0.939531734746734,0.931716767654577,0.886777984614305,0.866010162835546,0.837071637436871,0.92683426274228
0.894618262630098,0.947485231936645,0.868614572082072,0.709754702649111,0.730077541295843,0.963335100310318,0.931806164751049,0.96617476162401,0.83473746109595,0.94338375207064,0.91853573605512,0.889207999065906,0.947927710122046,0.881874223838821,0.861323621899544,0.968332976341667,0.92170870677955,0.866071833208204,0.798254532680312,0.916854926279704,0.986656152233142,0.853162955893338,0.764191571944102,0.785413352108973,1.02278307846242,0.875972160116398,0.810338502565311,1.00755254908664,0,0.94167679944172,0.845445780866264,0.780700991057744,0.855006656865248,0.796875036729972,0.782779394800484,0.867200782613187,0.980924838579984,0.929466229179487,0.878016083369386,0.905457822377624,0.7985626191675,0.847543828385103,0.918432445661546,0.83098123892797,0.834769954432852,0.905658311400164,1.00535811434087,0.952889670963768,0.841748958004344,0.822473381381119,0.859200849962215,0.869393699719484,0.82529705498996,0.853443990402962,0.820097213657271,0.742912860770452,0.822616714292788,0.958353076380116,0.922327543152585,0.921049100949467,0.946309395269038,0.928627077960467,0.85462192455408,0.811541519384786
0.759818049373249,0.83435993826189,0.984210570666272,0.941604001272358,0.918866348315105,0.802844908822727,0.838449056503192,0.819348749936939,0.958153638265933,0.901187777468276,0.852144959177942,0.923033052777712,0.909822844682779,0.839421282954209,0.933014762454562,1.00759128908949,0.846017214967504,0.877269634624215,0.835251494866834,0.801754438112298,0.872997654692033,0.808887739252469,0.852329896250579,0.90557344062515,0.840417120835846,0.840871685302026,0.886039245075864,0.87626325813813,0.94167679944172,0,0.972203593630204,0.942106382942568,0.909104692583082,0.890244520317122,0.914102328680489,0.946230931791602,0.83592178587823,0.877699478461926,0.892293403420988,0.889667163441294,0.854252857695358,0.891013530937581,0.836627530141183,0.861311264655389,0.936683974305898,0.932737435001844,0.900291753536005,0.789489100958583,0.931521652473933,0.858676438729751,0.818008350544162,0.841008454456196,0.874625621095517,0.833516321405308,0.916782353661914,0.849665792483284,0.788070829754558,0.79143889945892,1.00224352084801,1.05606588552001,0.872214883228106,0.917546523680689,0.859960306371981,1.03306834250951
0.811910208809704,0.892145165028411,0.88776497213833,0.836884085521523,0.900349587153733,0.827351231654086,0.894030455989682,0.895924163029379,0.967965644858943,0.97012049152848,0.80963232758399,0.896746640420393,0.956016471754897,0.846071057051361,0.846297650017196,0.970490486940718,0.840520364696249,0.788190393375572,0.779854770803975,0.795560861467633,0.850004371958246,0.841496865544438,0.778213599975707,0.80190349587762,0.87656645172793,0.848256468579716,0.783381043011461,0.899095815895488,0.845445780866264,0.972203593630204,0,0.918378012115646,0.864128106023189,0.833720310333469,0.816508051661634,0.926869883723272,0.868570532311484,0.874373390829452,0.88393443448153,0.880494593162841,0.760081054635784,0.917965058553551,0.867700238919986,0.844690804414374,0.873709875504445,0.86853602435883,0.920621014010297,0.860057323448825,0.913173190764055,0.81105104182068,0.808587934960922,0.841449725635901,0.767585232136233,0.790903645920685,0.859246348787364,0.805792874038338,0.78575662642565,0.76000609591033,0.840324108677014,0.911953999501207,0.911682861693394,0.922927470256879,0.929892826000081,1.01509282117311
0.846309277453443,0.87955936627876,0.851768324878562,0.787120257028415,0.871930988272332,0.948622692084387,0.874611954954639,0.93634609562713,0.897044363285249,0.922093381742916,0.872317628134544,0.881079498295928,0.971664098298954,0.876712520652286,0.828512464525901,0.984819377422307,0.840357753411578,0.804826272754785,0.812277338948405,0.857854235966762,0.893467913534984,0.795024147986435,0.779605415559543,0.802097661411628,0.930687104589334,0.842421466774048,0.803856111101944,0.982641143484599,0.780700991057744,0.942106382942568,0.918378012115646,0,0.860969609909552,0.833016182302186,0.823949106772511,0.899947771784162,0.905614780199533,0.883194682261524,0.867584994355537,0.906353390008997,0.824926869986228,0.879725922176305,0.853070493646324,0.835432341014231,0.802608853202663,0.917003912316457,0.913625273874456,0.917384382794396,0.853571909060365,0.851516973840657,0.811906976276372,0.842657677500826,0.783855035463699,0.767378973590654,0.837114281180345,0.784540287716648,0.76385511999338,0.823769184921526,0.766186857001556,0.802851997296554,0.88695686588912,0.856501449969624,1.04414927551544,1.13188651857578
0.927149248917007,0.827484535725988,0.83274069024944,0.80169151756594,0.865560030327117,0.930394164455691,0.909785590811205,0.919634336331893,0.899049515863699,0.869973318165346,0.847392226541436,0.865177952013443,0.873892306252545,0.848292918621589,0.833471730628673,0.891607955034993,0.965950572445463,0.906406678503241,0.813702535275419,0.848890159685643,0.903600781045666,0.860018497678337,0.807302424799345,0.823993334572024,0.906139042920818,0.883875723668689,0.841352117144979,0.885046255459636,0.855006656865248,0.909104692583082,0.864128106023189,0.860969609909552,0,0.869783687648321,0.855330911318328,0.864949554309545,0.819628409094178,0.815860520829031,0.818676986428783,0.815339358660621,0.754962482559152,0.87810282328964,0.852546721833862,0.8176099204115,0.811294913660576,0.844989342577083,0.856807924993886,0.861527343871892,0.977218567738347,0.851877808604576,0.823821036785059,0.872318016206179,0.840232887702755,0.822905097986127,0.801648039529778,0.792498896799849,0.777198979377041,0.866967587294388,0.818636848100102,0.884947682625366,0.85404457956747,0.854835775599863,0.810053202701635,0.882885004336744
0.883231127883562,0.860999033874818,0.845407533323822,0.791880514352862,0.860507697462181,0.885831552562343,0.917561083661716,0.9650233905661,0.898883341958692,0.922789548855418,0.816631411288278,0.870604477041013,0.888251286146073,0.787970888521985,0.808019600614426,0.892160877170788,0.950098777509504,0.892264134944384,0.750663217592272,0.798194397494844,0.914882377663247,0.885138482499184,0.800544522450332,0.780939938162199,0.899725231366527,0.883384377533733,0.857659707061347,0.979084303593518,0.796875036729972,0.890244520317122,0.833720310333469,0.833016182302186,0.869783687648321,0,0.83996223553219,0.895838155993024,0.808226040311726,0.823201565372415,0.806225636220955,0.782498486071968,0.709153586001231,0.834766495336068,0.830451787984875,0.777348755675359,0.757556230117649,0.80010570393308,0.87780281988841,0.852500933315087,0.921787513852514,0.860773791068888,0.851055674527614,0.885880022524187,0.817616633000262,0.808638428531587,0.861701936703885,0.764697602620416,0.747727251097589,0.812043235102148,0.791138390009604,0.88851120931208,0.873023790813767,0.869117601823252,0.819646506626338,0.913149861191196
0.804762140093308,0.869818199441816,0.870935653934612,0.790885869110776,0.855233425177229,0.838169363116842,0.930467200367557,0.969924777703692,0.945359759569104,0.906047996002848,0.827487706536077,0.815353154837407,0.941236823629393,0.777258256221458,0.774110265169555,0.923649735409164,0.917794219789301,0.873520845103906,0.769587383474552,0.800667715635367,0.887058732636681,0.872045241603917,0.799570794658889,0.804048202198731,0.951962631425162,0.902537055601288,0.82671739334987,0.962967241726297,0.782779394800484,0.914102328680489,0.816508051661634,0.823949106772511,0.855330911318328,0.83996223553219,0,0.972023849572288,0.803944651425189,0.828783546471267,0.801233270581867,0.782258572816146,0.649572336228789,0.798133658351276,0.816372080579638,0.809854223015979,0.786316097268966,0.794843159706868,0.876160804551419,0.869838412666278,0.933615152570398,0.871635549633413,0.866073892538056,0.869123587963723,0.803816666176161,0.790108218567258,0.821928121764506,0.736294700658979,0.698613470200733,0.800633836436885,0.7868963320067,0.951993375141009,0.855403748505053,0.824507300337965,0.787357616726872,0.917492606154613
