0,1.02868940160191,0.981813029340952,0.864335396210801,0.870308729786395,0.807215961342538,0.896866128598859,0.918924079032333,0.765377205285573,0.920221238076869,0.909421975704025,0.954206560686298,0.883399718056632,0.820048030171721,0.897373563764656,0.866104061224936,0.93288861936545,1.02056880621607,1.0923367190164,0.932625564992176,0.872233718587192,0.905354264557019,1.00171698939724,0.956442834764643,0.852103259995006,0.912888070435299,0.93543240324037,0.888508185882163,0.899046102759565,0.918768270262131,0.947623999273906,0.896078105273124,0.951887203587933,0.831503839610891,0.923474803110486,0.996064574269621,0.903073190882949,0.917840786146859,0.916084887797447,0.9492985870382,0.87684884956174,0.864295216999063,0.995619122719621,0.918417462783371,0.7968131970481,0.926611537977542,0.9006428527498,0.91153542484496,0.893818443056654,0.865830243794911,0.814807605741717,0.895163502215376,0.898913174293008,0.815209197272652,0.887769831091062,0.970722573494337,0.819237981681677,0.912084883596644,0.886640636464115,0.840557383227864,0.901695073771864,0.927768846736458,0.896297666898918,0.884453262705688
1.02868940160191,0,1.05649810388571,0.76638530230071,0.841233623869587,0.944796290149062,0.807825405711691,0.873151059302296,0.893577755541135,0.823561497093147,0.816753257371931,0.926140892925294,0.922757436582643,0.906869891510397,0.835194368087355,0.881681099519848,0.828831944973804,0.962630419650198,0.916001425333597,0.908758798489585,0.837463593531139,0.965462008419804,0.90384471018582,0.847583692793897,0.921434282766277,0.836882920863539,0.948832167755767,0.857800710868142,0.850594843419393,0.900445194316909,0.901166788737001,0.907942039398139,0.895716361240898,0.947871716393556,0.932458701088827,0.909723169186921,0.90788961856895,0.87838900963266,0.930389009106087,0.794444027914951,0.858669312266255,0.947812385339594,0.999442156342436,0.884841392138937,0.894990042982639,0.925990989298608,0.937111125379172,0.966632863586894,1.03332318624914,0.971872784742956,0.944224052759524,0.978085281281947,0.815751937551876,0.908953704439553,0.918315712412903,0.860305235665536,0.985328025205193,0.879339233019526,0.941255910669334,0.899043922385179,0.906720223984159,0.799037316331191,0.851696785801531,0.837680601733473
0.981813029340952,1.05649810388571,0,0.918647979606694,0.890395597629138,0.897596413624647,0.882604532423679,0.957954199773276,0.803205641685549,0.89766309223682,0.871248894136219,0.863909761491484,0.8183912874812,0.880525058343709,0.984194103754192,0.872866283683926,0.980464289177764,0.991628624489806,1.06026944765572,0.957442256309386,0.944083575100723,0.933440790184039,0.935390087805426,1.02155446718227,0.855794973140207,0.963494586806498,0.917646576137191,0.97878810079551,0.946152773220164,0.947468675220747,0.932432473809323,0.92389268465477,0.9321260535436,0.895116438495669,0.902305859849024,1.06967953414656,1.00287642502421,0.972459256840794,0.775139970373806,0.984262049123116,0.926480748254071,0.91438278531892,0.946760848678938,0.985845383458184,0.905148285114839,1.02659607114231,0.915386152671489,0.923158514508562,1.1037157104302,0.89435523909751,0.867377184909587,0.944144440880721,0.928951793389035,0.923553443975104,0.870027841065855,0.976092744706615,0.903936062054827,0.930079014347107,0.950083105616915,0.916048346910041,0.850839384738045,0.910098014925644,0.91511935942644,0.896250194440295
0.864335396210801,0.76638530230071,0.918647979606694,0,1.00573243992471,0.968809639388043,0.835903411389924,0.929271410642501,0.899429040876087,0.872389434625675,0.814025188212243,0.972811183998798,0.913166074458353,0.91200071450251,0.810373114435017,0.859846200706923,0.865142569232211,0.928910949357957,0.834044391415209,1.04264679011274,1.0443179256315,0.961357366825991,0.901759085157906,0.895511179619938,0.908788016359261,0.83786522621641,0.971642046257414,0.831669095946499,0.860753064906595,0.943418047755752,0.93572582518006,0.960755907074489,0.961673490759594,0.94925947054372,0.90105407379218,0.851683944949097,0.92966762870741,0.974579856930647,0.945907998208471,0.762081317210204,0.862783642273518,0.897165902288601,0.992237376862331,0.871609154270393,0.896724969183361,0.934796066321808,0.934746924770177,1.00762569558828,0.887962304683435,0.943464333234879,1.07291142941628,0.913612322415245,0.825331833874411,0.910298943318864,0.950208693182648,0.882074615292774,0.945375134838675,0.948692520851484,0.926657458368971,0.876073901528109,0.939889339418496,0.799980371341485,0.84390011747064,0.843948746306194
0.870308729786395,0.841233623869587,0.890395597629138,1.00573243992471,0,0.969591305147406,0.953086928008277,0.846463101515114,0.90055246190616,0.879941154549387,0.881236928651906,0.847588181506892,0.872055985135481,0.929798308811889,0.900987734396038,0.91063574487248,0.88442429315123,0.843768483974648,0.863173397219165,0.859201460342617,0.957895915544165,0.885452580947212,0.971835656090586,0.879890562886817,0.877188472126421,0.905193825570002,0.871134789793837,0.884784020677785,0.910309309710575,0.795769270021601,0.850002150154551,0.830110001942562,0.908281679514639,0.950223190267193,0.940733747225437,0.876297312960676,0.927795946331772,0.925506380772568,1.04891272816992,0.934851269384892,0.855555583883053,0.930559479935942,0.928320948721619,0.949857065975475,0.900746312241244,0.899709511927071,0.93461592950704,0.838037095492534,0.929363981915667,0.944485246610367,1.00974562449223,0.939851543365232,0.840256192933047,0.898316550021898,0.925586552253032,0.98191648204516,0.955124215972838,0.823792010802509,0.911661409299454,0.910524058523756,0.859189482499961,0.959237557368237,0.903235754561619,0.934618699440807
0.807215961342538,0.944796290149062,0.897596413624647,0.968809639388043,0.969591305147406,0,1.07931867143067,0.946960572335542,0.777450746641615,0.883180657667469,0.926061307652097,0.913552709198158,0.915025488975648,0.831750602274315,0.952036156334499,0.894121033075964,0.952281664501561,0.983302157552487,0.983184650474216,0.971170050039941,0.984425055025802,0.973102477826793,0.974972401085647,0.994569607860102,0.905760111940444,0.960164418362559,0.979850040644084,0.953110690454907,0.950770460251254,0.937734986136545,0.965636765569484,0.853391487246688,0.947421879150716,0.838332257992609,0.857308195299388,0.952623142435516,0.867520219396312,0.91652547368436,1.07405076397569,1.04909094678236,0.908964801481634,0.850382093548437,0.949659030367692,0.930370281308549,0.793229791978065,0.919787973964158,0.853889271020241,0.889642880363436,0.818749508146699,0.877807650865041,0.848564181472851,0.908932969273258,0.952411866188724,0.855072663256139,0.863716849765992,0.973770556464829,0.87471331031827,0.940868945631574,0.887962615510285,0.887725676458724,0.911550732771743,1.00822646980267,0.941166133069508,0.955289010412327
0.896866128598859,0.807825405711691,0.882604532423679,0.835903411389924,0.953086928008277,1.07931867143067,0,0.951505109590558,0.923912008754534,0.849041765667992,0.874135448326128,0.921502989598924,0.909977274289761,0.917303136673401,0.838910995082754,0.862342403260696,0.902953019082291,0.967673884234585,0.869307548828369,0.95631423871593,0.941652883797719,1.09325912195445,0.87835904512682,0.944281163090224,0.938849767839659,0.862221255084672,0.948896491570403,0.858722471260199,0.839780987444614,0.94377357823018,0.926773649772842,0.980757931944759,0.984100495633895,0.955850457643533,0.907243913925913,0.891712349524015,0.873664268811526,0.953682236208875,0.958048825734105,0.95184301131854,0.885795363457565,0.910312142011167,0.974389798522073,0.83560094672457,0.925625538029046,0.959412559996184,0.932245035342365,0.988912685564324,0.933008095747153,0.928305433620457,0.974690597592647,1.02027397439357,0.906450348168633,0.932888095964972,0.94826713922654,0.831666884753068,0.953544812589282,0.928718924726693,0.951065651334577,0.967226422105484,0.943572568022707,0.829661905594649,0.916144306998825,0.835817547552666
0.918924079032333,0.873151059302296,0.957954199773276,0.929271410642501,0.846463101515114,0.946960572335542,0.951505109590558,0,1.08052780679766,0.91789687777311,0.876089280429299,0.835823040863301,0.929006200150731,0.945517376032389,0.908644021990982,0.966098105495054,0.913152121064424,0.858123591908547,0.902987936816367,0.884703077623149,0.85007516989131,0.954790784045714,0.948436799266372,0.891780194773574,0.940756748769782,0.928729734587557,0.874116930425978,0.923810853105697,0.931298965136704,0.892548132678306,0.872096818755098,0.918332440486376,0.875564380553473,0.960265285510011,0.996080499206551,0.925063974071885,0.941847545427019,0.883843485500876,0.963183332947121,0.970662890459772,0.988400715405437,0.96531385201561,0.921705633320976,0.969400300062873,0.978208762215797,0.917730092419417,0.944280313134054,0.890061178232666,0.924159102454644,0.941900063668987,0.951006132234108,1.05861016022867,0.987684514073468,1.02512011390599,0.9864826154041,0.964643855162965,0.957102799196477,0.89294936044372,0.961035643030733,0.930512727199824,0.920910915549182,0.938429408261476,0.905909662518806,0.915762400324669
0.765377205285573,0.893577755541135,0.803205641685549,0.899429040876087,0.90055246190616,0.777450746641615,0.923912008754534,1.08052780679766,0,0.853422835725375,0.913500355370074,0.942655969136823,0.912284230095513,0.756366287040423,0.972324587359597,0.868658071937465,0.907539090822455,0.978673408092112,0.971096426800825,0.9707683346941,0.882022804767447,0.953260542705425,1.03756914537874,0.984731220215274,0.842893114614074,0.922686888820301,0.950321809786361,0.974672977534823,0.893386545098967,0.911610111675462,0.954513267432866,0.883480821989942,0.956882794853988,0.80659658623699,0.797827153169775,0.991589603106948,0.856496540840624,0.911973900533669,0.864278994101218,0.984166592647862,0.960529798911168,0.91863587021342,1.03919803880184,0.939317291027531,0.750009284081218,0.952743110898138,0.845345897122066,0.908625692758323,0.86050475910834,0.833194413879586,0.735938262471745,0.954479173286814,1.00842370989321,0.889266263807274,0.830724981952991,0.930135593086235,0.856354661389271,0.896520812256372,0.88194735822606,0.789787833721179,0.828198871258431,0.920659872426305,0.856210695951873,0.846830272059806
0.920221238076869,0.823561497093147,0.89766309223682,0.872389434625675,0.879941154549387,0.883180657667469,0.849041765667992,0.91789687777311,0.853422835725375,0,1.01415094788909,0.970088121107332,0.903770225510549,0.898106833451089,0.955213204536666,0.91334315900055,0.863323080265178,0.951583242912512,0.848514618454954,0.923325531750299,0.856103177254392,0.903955401020215,0.92393411122089,0.945076997003407,0.964713850548267,0.891694986842358,1.02017528098145,0.885490539659552,0.824061152370584,0.851162237880013,0.863535502181184,0.863828307255271,0.958184460633149,0.989005703220922,0.846700939591377,0.911036970836981,0.809395861797969,0.904583848433038,0.953507857103468,0.885035524538785,0.909559423470452,1.01781548295167,0.970521715875635,0.829022656180866,0.967837227869722,0.974603086801698,0.860994445683958,0.951941611828686,0.940313310385614,0.968156801496248,0.894198946061504,0.890051074968277,0.845140924454579,0.96359694145389,0.871550790001083,0.851910333367269,0.979651439860255,0.881248234434699,0.87727353657593,1.10805965778525,0.924433697160464,0.879375708894664,0.870035375793741,0.80989112663799
0.909421975704025,0.816753257371931,0.871248894136219,0.814025188212243,0.881236928651906,0.926061307652097,0.874135448326128,0.876089280429299,0.913500355370074,1.01415094788909,0,1.01222052972047,0.930963625509387,0.851893978340518,0.827387983251275,0.86816573802421,0.854746672488887,0.918172948846243,0.841724952042479,0.938260160317799,0.884384309441118,0.910934686272758,0.83899871881621,0.828792982584883,0.970088370412576,0.915370956049293,1.00090876228211,0.918232113419733,0.938367019170146,0.91666967125984,0.885616341194432,0.956569906394711,0.906471622850614,0.973767351593243,0.919976673192216,0.853937054759608,0.969688368510582,0.869946119104093,0.949588398563434,0.806026053519877,0.915742054832816,0.986468739092753,0.971523653646842,0.926262041370652,1.00798284836133,0.911905365354025,0.950414854251908,0.975537917619461,0.941448116032685,0.947855011095855,0.927988485025992,0.912308546595971,0.871257281210419,0.945231775614757,0.915263216388255,0.930368092880094,0.964107278947889,0.939692168577611,0.957173708572712,1.02710214427966,1.00699528072965,0.854731556593807,0.86894545142025,0.919359133108559
0.954206560686298,0.926140892925294,0.863909761491484,0.972811183998798,0.847588181506892,0.913552709198158,0.921502989598924,0.835823040863301,0.942655969136823,0.970088121107332,1.01222052972047,0,0.93025843092667,0.89076060991547,0.960615807915442,0.984042282573997,0.963333659520596,0.861947520831622,0.915519568586221,0.887164641676339,0.888638179298536,0.854460193004341,0.854151164047101,0.918416802188459,0.979316756047353,0.988496275187751,0.89438775675864,1.0734166561313,1.01592667245942,0.86656124273186,0.861523659253364,0.909805093900797,0.964255299091906,1.01123427839424,0.956437993096124,0.940465196619819,0.957383404150251,0.95347651994391,0.965255883608807,0.968678466103256,0.957012337301277,1.01467029580222,0.916806587602696,0.997591297936755,1.09563501066834,0.942064419796504,0.912019306989018,0.865593928590775,0.970001507195619,0.994515100726388,0.945193032245967,0.933201933992702,0.96718408524587,1.01025896000621,0.937956130116551,1.04088789395626,0.98664208320871,0.911067264848297,0.967458391542086,1.02778248652367,0.995835932574942,1.01717230133833,0.956524335991533,0.975070990412167
0.883399718056632,0.922757436582643,0.8183912874812,0.913166074458353,0.872055985135481,0.915025488975648,0.909977274289761,0.929006200150731,0.912284230095513,0.903770225510549,0.930963625509387,0.93025843092667,0,0.993112136535652,0.900812091998239,0.882451468829044,0.945072816248546,0.905037458693765,0.949512323260584,0.861691175384275,0.954995458626652,0.912111685401413,0.96879878587563,0.989938648267848,0.817734763483304,0.917444832967602,0.836474655674062,0.975299149368336,1.00879322824754,1.03976813748231,0.950338731869863,0.894346260091229,0.962643920251947,0.899696705235676,0.930395396454948,0.933315531132219,0.915339414899099,0.977311561225762,0.766464584746097,0.908520175001684,0.877509796962756,0.856462200794387,0.916324727721407,0.990984342404022,0.926764014220848,1.11506996648881,0.951846104421635,0.912137427275836,0.892694902686073,0.887633523278983,0.966391105721701,0.952731532697741,0.872282435549163,0.897272607019434,0.955132236243598,0.948943830813942,0.90352937033221,0.893693749129737,0.973513450260439,0.861739713319189,0.898757454672758,1.00867544473224,0.927355135112041,0.859145408960113
0.820048030171721,0.906869891510397,0.880525058343709,0.91200071450251,0.929798308811889,0.831750602274315,0.917303136673401,0.945517376032389,0.756366287040423,0.898106833451089,0.851893978340518,0.89076060991547,0.993112136535652,0,1.01163698684969,0.880846121879652,0.949801461704038,0.951927850054761,0.95042697564518,0.969212379718668,0.920551910629941,0.877201602789107,0.927988542550786,0.985682889186143,0.918042530328086,0.946758988008502,0.971651314092725,0.922517298534857,0.948421460629939,0.965521614590089,1.09391017354982,0.903767478068063,0.950184929649684,0.851506143067742,0.856627133106767,0.943113793760485,0.940776569748785,0.896273116085266,0.894729924160181,0.940376408651844,0.918468291994341,0.891310783513604,0.954615045617409,0.932111609494896,0.751287060168719,1.02552090863288,1.05281109457446,0.936625296701303,0.849493370414647,0.846704457330862,0.799305597710745,0.851610034153211,0.926848761341771,0.890979961782588,0.845976607091539,0.96979528527467,0.856759756066735,0.952921946825426,0.931376743516239,0.846050951625194,0.889792949699088,1.02148808183398,0.971460641606876,0.873610595112211
0.897373563764656,0.835194368087355,0.984194103754192,0.810373114435017,0.900987734396038,0.952036156334499,0.838910995082754,0.908644021990982,0.972324587359597,0.955213204536666,0.827387983251275,0.960615807915442,0.900812091998239,1.01163698684969,0,1.01604241830902,0.920108560894659,0.932913178100805,0.886833858552104,0.974672073251861,0.939212935262757,0.969602521170368,0.920269379864936,0.929318138255293,0.969916693427692,0.890805066995684,0.947394105588579,0.841671849702297,0.897245411247105,0.95649816088285,0.93628604580849,1.07040724337674,0.902395565250218,0.947943515711827,0.995635016159087,0.858706534867011,0.935206661102867,0.923087193391835,0.915997567836331,0.817923716570317,0.889968707997889,0.882163359066036,0.945413020145652,0.919814706388981,0.96811946345924,0.918263610132202,0.959178259008501,1.13847740923297,0.853040710572954,0.934125320255164,0.997378515878071,0.880067094735434,0.897564745955161,0.956594718295834,1.01531654353864,0.936487594573027,0.920336331108719,0.957744343813872,0.915536372093243,0.916485597969458,1.00161283212084,0.828625094921052,0.909283956695169,1.15277193145427
0.866104061224936,0.881681099519848,0.872866283683926,0.859846200706923,0.91063574487248,0.894121033075964,0.862342403260696,0.966098105495054,0.868658071937465,0.91334315900055,0.86816573802421,0.984042282573997,0.882451468829044,0.880846121879652,1.01604241830902,0,0.929524747559175,0.952771419738394,0.928114218836949,0.95391736510176,0.931710265239312,0.985356189801156,0.942522606200208,0.953591040272929,0.874956036843001,0.905560903314703,0.97217855334654,0.938123614824653,0.914137483436903,0.94282145251421,0.944951223215924,0.988990221829018,0.90047459677466,0.915219514774001,0.941532196282856,0.91150667476827,0.907504759113171,0.956082190130085,0.875959941626046,0.837481300391471,0.921492578736454,0.895581375064909,0.991129329923985,0.934157307965712,0.907539613409946,0.897955032410161,0.906582477176313,1.08351017073086,0.871664757608047,0.902859683473294,0.927041131150095,0.919159761386146,0.896134405661582,0.896292473643424,0.927818474964285,0.902556299098432,0.917729947656927,0.931942716666195,0.911288612938683,0.853699553254268,0.911097754190497,0.840876939584834,0.924553861403857,1.15332633267666
0.93288861936545,0.828831944973804,0.980464289177764,0.865142569232211,0.88442429315123,0.952281664501561,0.902953019082291,0.913152121064424,0.907539090822455,0.863323080265178,0.854746672488887,0.963333659520596,0.945072816248546,0.949801461704038,0.920108560894659,0.929524747559175,0,0.931195647123884,0.856904162415841,0.913052777859646,0.816576192190379,0.911679814352336,0.900594692478924,0.827524050499173,0.857591865874389,0.826106289226751,0.874103625671256,0.82588076359385,0.830846864339292,0.84058605862658,0.856974464405607,0.888451237349691,0.955432010484504,1.11542151957632,1.07439988083776,0.817599132061737,0.859279402574554,0.81014968386506,0.942445330567564,0.82364090928861,0.831351506881726,0.939691006930382,0.944740869553768,0.875905222674007,0.917874427189194,0.910527270806758,0.887025877619774,0.886828172157291,0.919943438521588,0.957198901766674,0.999152653575871,0.904348392854787,0.841866205938435,0.962110746881576,0.949438223729842,0.918852811006622,0.970562161561457,0.877949167238523,0.901875267067739,0.918816603854324,0.918341380118656,0.84525777033053,0.849919102287448,0.918496525851041
1.02056880621607,0.962630419650198,0.991628624489806,0.928910949357957,0.843768483974648,0.983302157552487,0.967673884234585,0.858123591908547,0.978673408092112,0.951583242912512,0.918172948846243,0.861947520831622,0.905037458693765,0.951927850054761,0.932913178100805,0.952771419738394,0.931195647123884,0,0.980172782275915,0.829110114581787,0.841953634778955,0.845864750167318,0.932979537794979,0.85035210369457,0.892547921963466,0.880014636666163,0.821764201317856,0.904849329803806,0.920618864046125,0.809789551572195,0.850809151327285,0.869615610081369,0.953193850981061,1.00788825867456,1.0747158477988,0.927728603527134,0.946833739650587,0.886971967457885,0.967978264873764,0.935663944690458,0.873799703953374,0.971024873675087,0.901363375116308,0.947641033750838,0.948948692604242,0.912434450166972,0.945051027994607,0.857484901828806,1.00388651659017,0.96136280341017,0.94767521488567,0.957550023860029,0.891089105869202,0.95626177541467,0.941333316869311,1.0045555066107,0.968607556673154,0.861514347810711,0.91242381975499,0.941972005864194,0.880062049018642,0.966606910660355,0.928205775143274,0.984758123101573
1.0923367190164,0.916001425333597,1.06026944765572,0.834044391415209,0.863173397219165,0.983184650474216,0.869307548828369,0.902987936816367,0.971096426800825,0.848514618454954,0.841724952042479,0.915519568586221,0.949512323260584,0.95042697564518,0.886833858552104,0.928114218836949,0.856904162415841,0.980172782275915,0,0.881617028364798,0.834674628779092,0.925887423751615,0.83757773400433,0.83073878345402,0.901227474914568,0.808992318298708,0.899901990863285,0.816926765582072,0.852922083114089,0.856890451703709,0.84473319222715,0.920126421158435,0.925787668707646,1.03175247995542,1.00850028007603,0.896517845398922,0.916475189179647,0.845878679932029,1.01506170642451,0.884829571107028,0.866830637005576,0.958263404234118,0.964417116232905,0.881972507758986,0.977284151878144,0.898968014264322,0.944407192605784,0.969283765598718,0.986881593931942,1.03428452554554,0.949007243749909,0.937728116532912,0.862851179646175,0.976441799811887,0.959522901083803,0.899141212398751,0.984161432319115,0.93989925229447,0.908127547882258,0.985126260932095,0.98497336286203,0.859163959445698,0.888375327077511,0.909069985033372
0.932625564992176,0.908758798489585,0.957442256309386,1.04264679011274,0.859201460342617,0.971170050039941,0.95631423871593,0.884703077623149,0.9707683346941,0.923325531750299,0.938260160317799,0.887164641676339,0.861691175384275,0.969212379718668,0.974672073251861,0.95391736510176,0.913052777859646,0.829110114581787,0.881617028364798,0,0.971511139088684,0.872713440239896,0.994388862132261,0.928576215282608,0.876314226982291,0.88399956751485,0.828416949754014,0.926806237832786,0.930910075238364,0.840776164825112,0.87175742238583,0.857940070114059,0.905042592172029,0.937797683054409,0.936171676679954,0.967631632877284,1.03260022445644,1.08953722437868,0.918029922937705,0.942240414792964,0.907575673114204,0.932415923805806,0.892414666212802,0.948194660685811,0.950860969826628,0.93234743453331,0.934463424908984,0.858825382916521,0.951598230246278,0.959268582813151,1.10234586233761,0.8924716582901,0.896200818531941,0.943629792550305,0.969593424108876,0.994904456952477,0.935774919268859,0.838874184122205,0.912047206696466,0.902433941266245,0.860631249910037,0.947088638340876,0.91434131667186,0.974655133892407
0.872233718587192,0.837463593531139,0.944083575100723,1.0443179256315,0.957895915544165,0.984425055025802,0.941652883797719,0.85007516989131,0.882022804767447,0.856103177254392,0.884384309441118,0.888638179298536,0.954995458626652,0.920551910629941,0.939212935262757,0.931710265239312,0.816576192190379,0.841953634778955,0.834674628779092,0.971511139088684,0,0.873908321945835,0.931523811952171,0.835867175808611,0.895080510888343,0.844742148807803,0.851804319800418,0.865758826150602,0.839043450283836,0.812275610664811,0.827995258498464,0.892152902771278,0.896925162117685,0.939870924981217,0.927373354936789,0.904297949802502,0.912451642625635,0.893356353931035,1.08817281295322,0.921341033773485,0.857730127278737,0.972982687679288,0.939185954519671,0.880846543920892,0.918559294755401,0.900090839559901,0.893821136029813,0.873768728755284,0.916229038860092,0.981770101943175,1.02684255389455,0.93200036272366,0.86160705920431,0.923642618490134,0.895968170952961,0.947182264045124,0.940049396164321,0.872397100858646,0.879848046840531,0.922510369452945,0.905320303146866,0.90249148078285,0.855478381223565,0.92851243714722
0.905354264557019,0.965462008419804,0.933440790184039,0.961357366825991,0.885452580947212,0.973102477826793,1.09325912195445,0.954790784045714,0.953260542705425,0.903955401020215,0.910934686272758,0.854460193004341,0.912111685401413,0.877201602789107,0.969602521170368,0.985356189801156,0.911679814352336,0.845864750167318,0.925887423751615,0.872713440239896,0.873908321945835,0,0.896973599446735,0.883748268407568,0.893322447155537,0.918436000642356,0.871143923401647,0.968429982098922,0.934074700636853,0.853095394473609,0.864757844842458,0.906205867841365,0.936009392305021,0.927993917823865,0.917905832816056,0.964897006786752,0.921217250030122,0.885391947812312,0.998197213154121,1.13350782595826,0.944836289195096,0.946900567661079,0.934237421237315,0.976455896459099,0.910983812279229,0.898213687661293,0.936475465596833,0.882242788266948,0.942894219352017,0.949583330912329,0.892446951311187,1.07847436048223,0.991552553662643,0.986362090025226,0.878072255963621,0.958441769070411,0.963345614552106,0.852837845778722,0.917346006888785,0.904536213129949,0.889187260021995,0.998269413834926,0.91800641989883,0.950888800230617
1.00171698939724,0.90384471018582,0.935390087805426,0.901759085157906,0.971835656090586,0.974972401085647,0.87835904512682,0.948436799266372,1.03756914537874,0.92393411122089,0.83899871881621,0.854151164047101,0.96879878587563,0.927988542550786,0.920269379864936,0.942522606200208,0.900594692478924,0.932979537794979,0.83757773400433,0.994388862132261,0.931523811952171,0.896973599446735,0,0.872130788645363,0.955888306363798,0.894389149056987,0.933750293383917,0.914183244256518,0.948629041866958,0.903327832090998,0.898154723161946,0.988758381723835,0.942153988424252,1.00838903961958,0.89611019669747,0.862313051380151,0.982625175115387,0.872072065452365,0.975559473450848,0.817893633826465,1.0386770057841,1.15885603531755,0.980588962418305,0.932422501023608,0.942485054968111,0.937353303464709,0.952399688722272,0.951103398930877,0.971990657813913,0.977391712290704,0.939384556397523,0.900863592652604,0.978099266325159,1.08263328462986,1.07835012747241,1.00378813019692,0.998566838874667,0.960055764910011,0.951655845042768,0.989493766809638,0.974927639119273,0.864956101811058,0.914428254260489,0.94162180409897
0.956442834764643,0.847583692793897,1.02155446718227,0.895511179619938,0.879890562886817,0.994569607860102,0.944281163090224,0.891780194773574,0.984731220215274,0.945076997003407,0.828792982584883,0.918416802188459,0.989938648267848,0.985682889186143,0.929318138255293,0.953591040272929,0.827524050499173,0.85035210369457,0.83073878345402,0.928576215282608,0.835867175808611,0.883748268407568,0.872130788645363,0,1.08007645554421,0.914394489176907,0.92319903154019,0.840405438940851,0.847300841009709,0.851763493713541,0.884407525831974,0.91519340987279,0.877688289624314,0.962981291159587,0.985193526127195,0.894985086344957,0.975550480343548,0.854392627884799,1.00614030900072,0.868980032272588,0.904005854245801,0.964637489270557,0.949409876197606,0.99499264667875,0.997067862781143,0.928523339226007,0.946634677177578,0.944317102331281,0.902289815182098,0.993425115130983,0.960290688493277,0.912437101663606,0.886168916521196,1.00202898732451,0.960439562354008,0.935974901465166,1.02563241086078,1.01482055508159,1.0972286475963,1.00361069683242,0.942692750289974,0.871284671364967,0.887676847825197,0.938741112772213
0.852103259995006,0.921434282766277,0.855794973140207,0.908788016359261,0.877188472126421,0.905760111940444,0.938849767839659,0.940756748769782,0.842893114614074,0.964713850548267,0.970088370412576,0.979316756047353,0.817734763483304,0.918042530328086,0.969916693427692,0.874956036843001,0.857591865874389,0.892547921963466,0.901227474914568,0.876314226982291,0.895080510888343,0.893322447155537,0.955888306363798,1.08007645554421,0,1.00436442052317,0.927094905155251,0.87998463525938,0.849455030264648,0.840606078590377,0.865421204197349,0.862165037361846,0.927964664618526,0.855686765400373,0.89728532755523,0.94750752481321,0.918383926333361,0.933225978856676,0.822165912816922,0.959464236914433,0.866890762719254,0.871367389104832,0.954531450010841,0.98516799477751,0.859270316588721,0.979913462649607,0.926165941565142,0.918015786889371,0.880952711293505,0.831021730700672,0.879574207812829,0.934605638587161,0.875257885745567,0.861521883536057,0.910189994493932,0.947715762780954,0.865887921321282,0.905336285421837,0.987270322444252,0.891384848884966,0.795756335633158,0.899358458627509,0.888702479592583,0.875755366652349
0.912888070435299,0.836882920863539,0.963494586806498,0.83786522621641,0.905193825570002,0.960164418362559,0.862221255084672,0.928729734587557,0.922686888820301,0.891694986842358,0.915370956049293,0.988496275187751,0.917444832967602,0.946758988008502,0.890805066995684,0.905560903314703,0.826106289226751,0.880014636666163,0.808992318298708,0.88399956751485,0.844742148807803,0.918436000642356,0.894389149056987,0.914394489176907,1.00436442052317,0,1.05494057295428,0.790460453199402,0.777447727849874,0.853834779871915,0.869743480221435,0.892293034122134,0.928603115741,0.936421111235309,0.884088019213722,0.90371591529857,0.873155651196873,0.900215225475375,0.978806972279203,0.849602324183935,0.884467073690315,0.945258139150394,0.985636609166221,0.858795515231687,0.935868648200033,0.928626840514464,0.932517408810496,0.978834063243519,0.934110138389955,0.917543974709491,0.921975710595221,0.91024929335663,0.850988389658161,0.91879589431103,0.919712225241689,0.846706695384907,0.970732976137338,0.947389924298836,0.93544986837791,1.00907562559432,0.88929199567067,0.815168921981801,0.858792312373691,0.830196278632563
0.93543240324037,0.948832167755767,0.917646576137191,0.971642046257414,0.871134789793837,0.979850040644084,0.948896491570403,0.874116930425978,0.950321809786361,1.02017528098145,1.00090876228211,0.89438775675864,0.836474655674062,0.971651314092725,0.947394105588579,0.97217855334654,0.874103625671256,0.821764201317856,0.899901990863285,0.828416949754014,0.851804319800418,0.871143923401647,0.933750293383917,0.92319903154019,0.927094905155251,1.05494057295428,0,0.926366491417113,0.902032310611165,0.814450670758305,0.830623003367382,0.883379841990206,0.910768035654236,0.952868142625819,0.973349489815559,0.94119152579445,0.962120496341952,0.94327080924139,0.87467183547934,1.00642936545237,0.917512417452953,0.957808714265204,0.915821528048261,1.00361678278972,0.986019470780197,0.922992538683993,0.988140724730502,0.852765630396755,0.956964795923124,0.91038082522409,0.973621211399624,0.960944805813405,0.898727761798583,0.931923390327566,0.937844246114095,0.990751781435805,0.927441991991655,0.856411434256234,0.971435953554926,1.0638663575423,0.865994676746978,0.971629680802326,0.938723066306589,0.948258461056627
0.888508185882163,0.857800710868142,0.97878810079551,0.831669095946499,0.884784020677785,0.953110690454907,0.858722471260199,0.923810853105697,0.974672977534823,0.885490539659552,0.918232113419733,1.0734166561313,0.975299149368336,0.922517298534857,0.841671849702297,0.938123614824653,0.82588076359385,0.904849329803806,0.816926765582072,0.926806237832786,0.865758826150602,0.968429982098922,0.914183244256518,0.840405438940851,0.87998463525938,0.790460453199402,0.926366491417113,0,0.904759486803564,0.939831250161631,0.862252019524747,0.93492822830648,0.940397648797483,0.94675061047291,0.916904013364392,0.872971625166911,0.86485342732302,0.907589664572958,0.971873685617516,0.80848972165441,0.880389484636398,0.931230232912346,0.991948766958581,0.834985959421562,1.06464339227637,0.904346689646201,0.916326897261643,0.979253482200294,0.906477041359638,0.976795343673663,0.94002924362118,0.909090782054997,0.863351726515468,0.91273828385406,0.949152529383178,0.843804901503938,0.954887448351283,0.906957797833396,0.859265897589301,0.944850670239507,1.10641305132526,0.841685991067698,0.82824559866734,0.894720914618471
0.899046102759565,0.850594843419393,0.946152773220164,0.860753064906595,0.910309309710575,0.950770460251254,0.839780987444614,0.931298965136704,0.893386545098967,0.824061152370584,0.938367019170146,1.01592667245942,1.00879322824754,0.948421460629939,0.897245411247105,0.914137483436903,0.830846864339292,0.920618864046125,0.852922083114089,0.930910075238364,0.839043450283836,0.934074700636853,0.948629041866958,0.847300841009709,0.849455030264648,0.777447727849874,0.902032310611165,0.904759486803564,0,1.0356980010727,0.915106725216536,0.862287129747554,0.930994866707366,0.922207713824443,0.85515924729836,0.927643639955896,0.801951551327301,0.929472258050545,0.964776024473941,0.849311585121802,0.901260180719014,0.931068985767911,0.986546831255468,0.817645026601391,0.953907584310081,0.976903885525897,0.832328885684523,0.977899182031161,0.906535614046631,0.922945237734076,0.901270525006322,0.913867088690644,0.857834754740294,0.899947424712538,0.914568875175642,0.791260469701378,0.977636597762919,0.895671483997537,0.826705979115987,0.919939387754965,1.04092651909753,0.83969133849117,0.865366797680373,0.847111391197678
0.918768270262131,0.900445194316909,0.947468675220747,0.943418047755752,0.795769270021601,0.937734986136545,0.94377357823018,0.892548132678306,0.911610111675462,0.851162237880013,0.91666967125984,0.86656124273186,1.03976813748231,0.965521614590089,0.95649816088285,0.94282145251421,0.84058605862658,0.809789551572195,0.856890451703709,0.840776164825112,0.812275610664811,0.853095394473609,0.903327832090998,0.851763493713541,0.840606078590377,0.853834779871915,0.814450670758305,0.939831250161631,1.0356980010727,0,0.818963577357557,0.834339794507603,0.95869693832201,0.938999473305566,0.894930813600489,0.891582833406869,0.915173217788748,0.886277526466263,0.919702249532573,0.947802451811578,0.880445551801591,0.961485796614594,0.91444471256241,0.945020323448347,0.986070591500366,1.00881257645586,0.940951573000495,0.867913167983521,0.951678571129097,0.957186932973815,0.973615162292139,0.92696322781373,0.884153546716779,0.97075622803081,0.912298799384488,0.952888090962356,0.968269607242526,0.791008759472083,0.8816887033158,0.924335455912154,0.938842973892785,0.971812049622041,0.889247351839516,0.914773102872295
0.947623999273906,0.901166788737001,0.932432473809323,0.93572582518006,0.850002150154551,0.965636765569484,0.926773649772842,0.872096818755098,0.954513267432866,0.863535502181184,0.885616341194432,0.861523659253364,0.950338731869863,1.09391017354982,0.93628604580849,0.944951223215924,0.856974464405607,0.850809151327285,0.84473319222715,0.87175742238583,0.827995258498464,0.864757844842458,0.898154723161946,0.884407525831974,0.865421204197349,0.869743480221435,0.830623003367382,0.862252019524747,0.915106725216536,0.818963577357557,0,0.919482674000219,0.861221411598433,0.968446349666644,0.951048873401968,0.903577221933976,0.91854980267322,0.867155693886967,0.935475337166482,0.931114402587358,0.874346263073583,0.989982828280587,0.924900597853454,0.948675248551931,0.959225204904796,1.03775248090606,1.03211125609535,0.87544475087317,0.945442103460113,0.948339658004248,0.977789013674889,0.934011990016946,0.863662808721783,0.966674324676002,0.926436898890716,0.947465564635554,0.939595549297873,0.828358734064715,0.9234594637822,0.933408528066711,0.872981534136751,1.08061277506606,0.934473016284994,0.905932890385781
0.896078105273124,0.907942039398139,0.92389268465477,0.960755907074489,0.830110001942562,0.853391487246688,0.980757931944759,0.918332440486376,0.883480821989942,0.863828307255271,0.956569906394711,0.909805093900797,0.894346260091229,0.903767478068063,1.07040724337674,0.988990221829018,0.888451237349691,0.869615610081369,0.920126421158435,0.857940070114059,0.892152902771278,0.906205867841365,0.988758381723835,0.91519340987279,0.862165037361846,0.892293034122134,0.883379841990206,0.93492822830648,0.862287129747554,0.834339794507603,0.919482674000219,0,0.950956907165177,0.88572212461512,0.837247409715296,0.94297255466322,0.883425994880868,0.938556823825505,0.886975932080338,0.976608514268175,0.895930524765794,0.926992056028787,0.955034463585869,0.93585098713559,0.836707646522832,0.925122122428231,0.972669150951659,1.02894580553621,0.914023653583792,0.915241432073213,0.870250713981684,0.913451205257902,0.892443882113511,0.88693340791867,0.856140819496952,0.956559338016547,0.928249223657479,0.818339819257601,0.87202622500901,0.877519880974436,0.809822513448856,0.977528404928995,1.05395006130696,0.988708836903112
0.951887203587933,0.895716361240898,0.9321260535436,0.961673490759594,0.908281679514639,0.947421879150716,0.984100495633895,0.875564380553473,0.956882794853988,0.958184460633149,0.906471622850614,0.964255299091906,0.962643920251947,0.950184929649684,0.902395565250218,0.90047459677466,0.955432010484504,0.953193850981061,0.925787668707646,0.905042592172029,0.896925162117685,0.936009392305021,0.942153988424252,0.877688289624314,0.927964664618526,0.928603115741,0.910768035654236,0.940397648797483,0.930994866707366,0.95869693832201,0.861221411598433,0.950956907165177,0,1.1334240430129,1.0228866968998,0.833459176965252,0.911435172929107,0.883103661200684,0.893070603251922,0.887416729643286,0.884218785872667,0.875724054180803,0.95722894541476,0.960922636828588,0.906408805262802,0.909033226450234,0.938758158788068,0.920189483588692,0.916298889372184,0.898766436571546,0.996636913517252,0.978867924754204,0.904688499144283,0.909071087413424,0.966214097815571,0.997919241337756,0.985522720707407,0.908130001062888,0.979534219144139,0.90984609867071,0.967115275623161,0.922995588755265,0.925975952349468,0.986434759529893
0.831503839610891,0.947871716393556,0.895116438495669,0.94925947054372,0.950223190267193,0.838332257992609,0.955850457643533,0.960265285510011,0.80659658623699,0.989005703220922,0.973767351593243,1.01123427839424,0.899696705235676,0.851506143067742,0.947943515711827,0.915219514774001,1.11542151957632,1.00788825867456,1.03175247995542,0.937797683054409,0.939870924981217,0.927993917823865,1.00838903961958,0.962981291159587,0.855686765400373,0.936421111235309,0.952868142625819,0.94675061047291,0.922207713824443,0.938999473305566,0.968446349666644,0.88572212461512,1.1334240430129,0,0.948430799757599,0.937215832537403,0.852120904050735,0.915989216651202,0.881267931919629,0.914783949239564,0.8865499526721,0.82058033046145,0.943186484619795,0.890879594344831,0.788801263105108,0.928742052109805,0.879186537951207,0.881193308351357,0.833620425334797,0.797811319297211,0.846955463546195,0.906921618637797,0.933993953054893,0.827749582062574,0.887404894802602,0.952921121531048,0.839004722170829,0.912699813432256,0.917333556637267,0.837629705001266,0.868735690538876,0.955392884109139,0.915712768309839,0.939716756285186
0.923474803110486,0.932458701088827,0.902305859849024,0.90105407379218,0.940733747225437,0.857308195299388,0.907243913925913,0.996080499206551,0.797827153169775,0.846700939591377,0.919976673192216,0.956437993096124,0.930395396454948,0.856627133106767,0.995635016159087,0.941532196282856,1.07439988083776,1.0747158477988,1.00850028007603,0.936171676679954,0.927373354936789,0.917905832816056,0.89611019669747,0.985193526127195,0.89728532755523,0.884088019213722,0.973349489815559,0.916904013364392,0.85515924729836,0.894930813600489,0.951048873401968,0.837247409715296,1.0228866968998,0.948430799757599,0,0.968048460773482,0.80966132296782,0.899867712362555,0.941113799338633,0.92106003062349,0.907498396261698,0.92344335208281,0.919409205495959,0.875239079982303,0.846376414232733,0.949701854163318,0.802117043937178,0.930578790257363,0.887471885557673,0.918591543381851,0.804581729597639,0.891464293884407,0.914509303306144,0.91296722679044,0.823864869649582,0.868146940833506,0.898740654126934,0.918486257283055,0.891259065162592,0.927141547452794,0.894187694449942,0.925137785975338,0.912983884811328,0.880161848142579
