0,0.90501656870119,0.905738328119895,0.906040958679016,0.88296917816124,0.883168720529207,0.834297142679268,0.882861458664971,0.906032880090269,0.955988942640509,0.90642395055299,0.870917319148698,0.922180155825672,0.879563004050905,0.951772832515498,0.922144014088762,1.14786429410822,1.09542611043657,0.923331365391319,0.967916608807518,0.872423078778076,0.885277117541047,0.90845653922266,0.907553812611696,0.94211355922787,0.904024301186112,0.904652527810539,0.891307948282228,0.97446333703325,0.880517911719459,0.919604328700274,0.937575374907088,0.966764166079919,0.999370629950624,0.936490831140087,0.89679217875901,0.901255395121058,0.948373398287543,0.902874149662867,0.960426898002361,0.96301485486655,0.92738405712585,0.901964143012037,0.916208691636303,0.919949747502498,0.956961446172885,0.931832316893475,0.926340715130571,1.07032316007345,0.915759567695317,0.866141457443249,0.91284273037769,0.903520237954751,0.953722066013286,0.914322101989087,0.938313750038587,0.942082404407754,0.885358996719264,0.928400213566863,0.920467236682817,0.940597087654882,0.9547606814078,0.926108834825587,0.944610103019378
0.90501656870119,0,0.883506748895739,0.880397713998762,0.831197010320624,0.841784445029006,0.839444993705654,0.840731336237081,0.900303134652716,0.879295698026346,0.904210718149663,0.866935109098609,0.899057642595187,0.897591947697992,0.929032029136863,0.888046163444992,0.884470684100497,0.878964397296228,1.00354217050711,0.901370006383059,0.888651616359269,0.869030177859799,0.883847142993276,0.94153767399679,0.929480706390619,0.888012236712396,0.911494039578291,0.89726091394502,0.93141782848056,0.901539499874161,0.942656465600332,0.927912003225957,0.865374398710301,0.892366015681914,0.89154466498135,0.916936331249599,1.00262761150594,1.03187825877096,0.991363975994135,0.890783549012522,0.899756814785443,0.851596294292091,0.848002905840981,0.888612861883268,0.866819567485734,0.86657796468624,0.891251186660486,0.866609261407047,0.88318167509697,0.980406851133831,0.971055374085924,1.03491827494593,0.835954798740111,0.879573936461898,0.89210024101525,0.882578542030405,0.928115184181156,0.910534021223936,0.907308804461657,0.908051720927218,0.909377299879765,0.871658201390589,0.883743159811131,0.89818535083881
0.905738328119895,0.883506748895739,0,1.03343170689149,0.990831316576671,0.874010717391733,0.85460039429487,0.862547840393936,0.847088436638614,0.856120006911337,0.883624726035296,0.836271970945627,0.837682538313021,0.889658763691166,0.815107684757196,0.868520685209964,0.941882272882481,0.888109616056056,0.989560966090879,0.891163306245335,0.938480308752391,0.888226424325079,0.818029954150415,0.884571141505737,0.9015613247304,0.920813481677799,0.915032340526427,0.902293029437525,0.904709511637267,0.924144192738165,0.88016301941926,0.903590883878449,0.85979472902768,0.827924346029721,0.862867409907136,0.855773593535848,0.916571399914468,0.901050402515207,0.939628810084761,1.02469091430268,0.857962474053392,0.925952374957463,0.862676738437133,0.842759786948406,0.89275226442918,0.855742611528752,0.89974332997661,0.954830119722595,0.899089405574481,0.895302763107106,0.93587433455032,0.930867038683428,0.912722724328778,0.958603396026069,0.885873175062992,0.891845222722989,0.909117624544361,0.936377195186696,0.876536193773502,0.928180164077649,0.893612515244827,0.895210872301481,0.9024815416447,0.889107243972854
0.906040958679016,0.880397713998762,1.03343170689149,0,1.11418512261807,0.899701325454304,0.882208293797011,0.862932688491414,0.850908979702916,0.921966794754533,0.873235835111577,0.836218120822632,0.854222616421223,0.887256817342193,0.85256465603288,0.872507082958404,0.934255199772786,0.919582523963699,0.980291477536124,0.97709401534444,0.980146797877046,0.920732618959553,0.907354412915253,0.919124506494611,0.8873044534334,0.947848926597001,0.947282927163506,0.938657737432185,0.840685830403147,0.99091591620513,0.932761636259444,0.927014552792852,0.905503918350822,0.913911753529274,0.902752132469081,0.915295697703369,0.934402646139904,0.904590599122091,0.936217101759878,0.978142436959656,0.911702762542459,0.932895134830761,0.914956538373598,0.899586523005802,0.880004135754674,0.956139004712513,0.898602045953046,0.983265827582052,0.913675467577582,0.912990419238686,0.93104402084048,0.942619501312953,0.928290499979239,0.966328513070283,0.913306967190077,0.949915388228968,0.917584331980875,1.03775860753594,0.872872267470646,0.921078442957628,0.924301763188633,0.951116230204855,0.9575737769711,0.919133129877584
0.88296917816124,0.831197010320624,0.990831316576671,1.11418512261807,0,0.913884522586497,0.898321526000673,0.847199787334575,0.853630485690234,0.868935724195197,0.875057992513322,0.82514504566916,0.814648933960521,0.842608993619151,0.863850570187797,0.878395834768012,0.898742986633804,0.92872130343328,0.912092340783401,1.0302997857483,1.01257939861182,0.877956787027165,0.868105161319132,0.951504745124287,0.894265138505517,0.902144491751093,0.925667548910893,0.900510001689904,0.805692849302435,0.952385883387718,0.926218651227562,0.902261075629787,0.869735091616153,0.908114008786043,0.893159222197635,0.940817541611677,0.870938913642918,0.886018069697232,0.890217137237384,0.946498770492289,0.857190002892418,0.933163459418289,0.889118179778908,0.915471763515438,0.93473747972006,0.886112792410298,0.918969390446137,0.958388530709578,0.885505126087419,0.900296100423009,0.916238003280685,0.89830858414411,0.905397934562718,0.933301951303303,0.900994142541151,0.902329513434992,0.900541922522626,0.961107081976885,0.867826938301937,0.953242611176717,0.922439834769355,0.85852091540276,0.877459311604681,0.905934831076704
0.883168720529207,0.841784445029006,0.874010717391733,0.899701325454304,0.913884522586497,0,1.04739820920388,0.994026078001403,0.880887789461795,0.86203451800437,0.889524585870742,0.829059818728159,0.866920406843608,0.860032810920725,0.838434199355164,0.870647648830259,0.880852817900881,0.893116422799929,0.86331116369221,0.970118307578873,1.05761052674272,0.975111377464272,0.924398222532859,0.90484049602968,0.876382508784523,0.923211260727075,0.9184300654219,0.890994313163713,0.947039728188652,0.883163179630806,0.907191427860313,0.940394757131216,0.935389521003186,0.913704162787268,0.910959859764275,0.881454638141842,0.900090973095379,0.901367282926228,0.90236104052092,0.913525777506392,0.815751566452905,0.850509602034449,0.916817863946762,0.902688540491116,0.905939111246729,0.877538796518758,0.919388671997079,0.902889590127188,0.909281671965664,0.902016504326237,0.907472043936717,0.914777323551629,0.949091636699885,0.918203568033704,0.922076696013348,0.891854665804821,0.910205459804104,0.930544999216803,0.986560245120048,0.927861542438849,0.897434721270628,0.880170875787242,0.902920547088013,0.973563577433942
0.834297142679268,0.839444993705654,0.85460039429487,0.882208293797011,0.898321526000673,1.04739820920388,0,0.988928237674901,0.893201400264019,0.839358777087801,0.87208996898253,0.878742132620262,0.832908641188774,0.867109824924743,0.88564079862138,0.883954042981635,0.877078148400001,0.917602942874061,0.878475114542881,0.991590828617999,1.0145592150571,0.978590356817586,0.917883711548098,0.906811743723681,0.889552760764342,0.888543602863518,0.937233132832082,0.893775608448173,0.948599972539877,0.898314155047111,0.910895345395142,0.909303514178453,0.938655491795803,0.916103821443803,0.929301011540455,0.927286606919735,0.912300181194051,0.891964447597417,0.899165624117011,0.88288089107036,0.907656316858758,0.928764347928679,0.914257856431747,0.884095073261819,0.900181538398012,0.924006518821271,0.93132871942352,0.905956355641928,0.936216120693389,0.918727847416609,0.924632082882262,0.913515999471525,0.995076448161945,0.935205126452666,0.908698406065945,0.937911739669194,0.908751460408251,0.932171245489373,0.980049765901894,0.893814048734701,0.90538860265835,0.908211630489241,0.92843894701797,0.908533624913958
0.882861458664971,0.840731336237081,0.862547840393936,0.862932688491414,0.847199787334575,0.994026078001403,0.988928237674901,0,0.894147687284445,0.849972157729987,0.838821318485638,0.860919659842366,0.87213558332067,0.872132811041218,0.917391926951776,0.925344333074042,0.887397780829973,0.878684159423444,0.85806954076066,0.968719697879207,0.965255972443937,1.04294608206649,0.915867689663737,0.931363358221023,0.902215969662296,0.890965240215421,0.880232530184354,0.874393915562536,0.910244076878248,0.870417299220539,0.888528747349743,0.91695228740143,0.907066661941529,0.929749082171605,0.924133703190984,0.944509975085626,0.878382158552787,0.88925597976867,0.861154868117362,0.899645352151866,0.961727938288466,0.918093776089287,0.894408011594128,0.890208999978956,0.907144788082311,0.915695115489967,0.895580726851622,0.929401623232057,0.904449157684048,0.916153288668196,0.909175153983572,0.921998566558792,0.982287562604977,0.899283358782748,0.912157595555889,0.919736680366929,0.925783587640051,0.916482082011308,0.903187421177634,0.903863612991238,0.895416481567945,0.885242774482696,0.932575646805931,0.909941845930337
0.906032880090269,0.900303134652716,0.847088436638614,0.850908979702916,0.853630485690234,0.880887789461795,0.893201400264019,0.894147687284445,0,0.899457105701986,0.914577302586846,0.851837097169952,0.876561538677456,0.888174142821702,0.912059811074226,0.912856264001658,0.907323560544762,0.927011513053762,0.878282231813083,0.871892276728593,0.913697398627279,0.948949381396573,1.0306969302916,1.09932156753419,0.949067107819993,0.875277971816102,0.867490802986489,0.881040124596931,0.855401155353657,0.97989189758058,0.910303211552355,0.896059852336757,0.872925439183107,0.876448809920236,0.915166790225674,0.900155200949527,0.916768933417621,0.922281382273708,0.919239848593887,0.843287889504863,0.970823079551181,0.933737286227982,0.860347901195019,0.893206567092143,0.919512758661444,0.90872927977472,0.944196410307694,0.941445529878734,0.926988747851758,0.903985463654412,0.919593740049511,0.928469471929618,1.02674001254231,0.903973065582265,0.894087153458734,0.899786080610407,0.905900791797574,0.959980872673045,0.913671740334998,0.950175217738544,0.895409582102538,0.891710389758888,0.904863458690073,0.894748373379501
0.955988942640509,0.879295698026346,0.856120006911337,0.921966794754533,0.868935724195197,0.86203451800437,0.839358777087801,0.849972157729987,0.899457105701986,0,0.944023229208809,0.866925813850852,0.852683956144902,0.888220818141556,0.883465121093008,0.878830094174212,0.91252247662259,0.903417219404821,0.949879812425186,0.831637666531883,0.842723372375556,0.929684028757277,0.923330352561574,1.01676870902203,1.01859136497599,0.9228008894866,0.914023903748739,0.917317623159777,0.949953259318788,0.907638838555049,0.894763993016902,0.89631937896715,0.848816559481533,0.869909447283965,0.857927246213254,0.908320695271183,0.882481837282904,0.864815242720979,0.861191220307527,0.831515789902803,1.02087475835065,1.03689699483636,0.925752502601307,0.826861636048682,0.869751482859124,0.894399414819056,0.926263361742267,0.922911626887757,0.868227858161793,0.916665910331218,0.941915155341008,0.932193489493248,0.986428053355915,0.970426103618684,0.872033547719801,0.873768277952305,0.922735194069963,0.886777203990903,0.881206989581844,0.918183047647175,0.903034387678915,0.902363445661979,0.954981779458785,0.906492562358091
0.90642395055299,0.904210718149663,0.883624726035296,0.873235835111577,0.875057992513322,0.889524585870742,0.87208996898253,0.838821318485638,0.914577302586846,0.944023229208809,0,0.875688579934092,0.889410294371293,0.858521271707272,0.897218034393697,0.84122610035608,0.891208740433516,0.877616088179985,0.881823822000027,0.88106062486462,0.903860365908033,0.863021507356549,0.857536854025228,0.913493082257853,1.08505997158594,0.968784655112245,0.952847791016953,0.894800764247667,0.954888651579948,0.898667994907522,0.874325494530861,0.95431316901115,0.922014991022415,0.90770373225746,0.927768864920239,0.869928804745937,0.875317915313505,0.89312250879133,0.867902486249152,0.852073095516354,0.92422224794546,0.968930181748878,1.03318501038969,0.921709685300601,0.844804228729033,0.865650093075852,0.887868708988995,0.903715914963475,0.928073468436831,0.874985894235775,0.926352316379299,0.932405061422449,0.840849957925288,1.0211348405933,0.908519746679206,0.873915160123538,0.928700236017751,0.894378809462099,0.979208596544209,0.934222362757654,0.866084702080125,0.856190671504619,0.885934260156037,0.959707918059856
0.870917319148698,0.866935109098609,0.836271970945627,0.836218120822632,0.82514504566916,0.829059818728159,0.878742132620262,0.860919659842366,0.851837097169952,0.866925813850852,0.875688579934092,0,1.01705736223192,0.939224717121235,0.840301256699744,0.910707104625545,0.944990922329157,0.925757429874438,0.926531958580124,0.828957326595107,0.919601338936714,0.898811565273702,0.920963308743213,0.916375658590679,0.881791394790187,0.927441123234728,0.941887229078662,0.885590710144972,0.922869250222225,0.928540808338486,0.901256592688845,0.922630708212214,0.867537135075853,0.866289813548995,0.879061509397735,0.873708365060952,0.926340007978125,0.880006531092851,0.869050612393271,0.85888466097737,0.819278026937259,0.83879334342486,0.870870510003626,0.946203327122939,0.977264923370749,0.905132896212197,0.918150094513405,0.891874711150692,0.874948416265278,0.858454329336347,0.910038795370681,0.901298115493765,0.917158175220025,0.929986597214818,0.982797992023627,1.02947465045811,0.890798875343922,0.915676298961806,0.910484327940357,0.867379312202716,0.86228557787034,0.9036419595392,0.878018653754783,0.861350419692533
0.922180155825672,0.899057642595187,0.837682538313021,0.854222616421223,0.814648933960521,0.866920406843608,0.832908641188774,0.87213558332067,0.876561538677456,0.852683956144902,0.889410294371293,1.01705736223192,0,0.972941067696142,0.91483681602688,0.870915707146257,0.91735526295794,0.93394542265688,0.909892419204837,0.92573759612822,0.910233932840384,0.905289888161952,0.902700610462708,0.941013553467625,0.91324031871915,0.933652041440254,0.952807849628147,0.932512489311613,0.944329623124681,0.935049218697389,0.940095929498114,0.944750103674889,0.892813680083992,0.879714078392781,0.909915703965909,0.882224270587629,0.917832016661478,0.923008474184075,0.914777825039147,0.873828997913137,0.893894919159745,0.878845803970705,0.886594092870746,0.938370472337715,1.03715195467642,1.00690800197993,0.902152967513915,0.909330074570602,0.879443142018999,0.929661085827386,0.937454747616937,0.951210098347605,0.906877589785432,0.916987425005497,0.980226052104306,0.997036285669438,0.985727887907528,0.888601904828579,0.912687209155526,0.899748715143337,0.918387523921039,0.900465440660074,0.907194189830893,0.912605279978565
0.879563004050905,0.897591947697992,0.889658763691166,0.887256817342193,0.842608993619151,0.860032810920725,0.867109824924743,0.872132811041218,0.888174142821702,0.888220818141556,0.858521271707272,0.939224717121235,0.972941067696142,0,0.870189229713895,0.885186769224273,0.91555220687303,0.912146756810373,0.93425364692429,0.862753327343281,0.917448292989383,0.928362734741964,0.904249688860689,0.93811892264466,0.945742646372801,0.907927506456849,0.915005032938498,0.95504345747333,0.97739374776798,0.929338123323441,0.955079483237065,0.961669696922511,0.899202413844389,0.887965088913446,0.8777661080415,0.906814328393919,0.892474870055489,0.915103649020558,0.903465130104354,0.853518342475831,0.867226700828701,0.879396441547083,0.878545003070938,0.895745663271775,1.0618313908405,1.05709187120317,0.960625281825076,0.924084481436452,0.951409129055004,0.913332628027157,0.923201183525176,0.961191695011998,0.912559597929588,0.928196442461564,0.940615249020396,0.95282539223251,0.993622023066177,0.943766948880119,0.951134118050683,0.896875869206468,0.857964910192313,0.859888274974161,0.904051883650506,0.945564077190001
0.951772832515498,0.929032029136863,0.815107684757196,0.85256465603288,0.863850570187797,0.838434199355164,0.88564079862138,0.917391926951776,0.912059811074226,0.883465121093008,0.897218034393697,0.840301256699744,0.91483681602688,0.870189229713895,0,0.95382541487979,0.890912864010877,0.886402190841009,0.877993626995172,0.912052432969161,0.869243656276694,0.898063850088999,0.880919917539089,0.896568718386054,0.911903723957859,0.90994754096274,0.928623782206935,0.914409933897112,0.990189985304901,1.00310952650785,0.975584748552282,0.929593096137751,0.909035972990865,0.900190387247255,0.937787181114269,0.912916703204596,0.928420696575651,0.914960561537361,0.935426460611602,0.876775690230258,0.884401399779439,0.874285977635148,0.882979822492953,0.918593870095351,0.881714430458026,0.851815479396456,0.901479294874161,0.990367816301257,0.901890390738907,0.8526784563901,0.879534676698907,0.906974563580046,0.858545249602696,0.884258650661827,0.913251780435709,0.860621828892172,0.910939643850866,0.906142496988221,0.917629770120282,1.12816621080662,1.06328349076669,0.958755635403007,0.876358208761775,0.816703435337697
0.922144014088762,0.888046163444992,0.868520685209964,0.872507082958404,0.878395834768012,0.870647648830259,0.883954042981635,0.925344333074042,0.912856264001658,0.878830094174212,0.84122610035608,0.910707104625545,0.870915707146257,0.885186769224273,0.95382541487979,0,0.911976052960486,0.881353051087542,0.907551252833543,0.79452740310666,0.874316286912737,0.894133365950714,0.897372160721334,0.878721375727323,0.875906841813584,0.92879081889856,0.957964133607773,0.874687825628074,0.99016979879519,1.04766391273736,0.969360136235151,0.988933236220094,0.910581115620195,0.89431661832385,0.899815488182697,0.901376919741039,0.915359315761767,0.932964691243003,0.885619763304954,0.865118930612809,0.894858323283511,0.905334611606736,0.900352165102991,0.934258217461444,0.883720116848716,0.896118840999876,0.91204003830663,0.936355070337633,0.867597421514108,0.880435159112663,0.894100124239689,0.897979779556066,0.894940803516302,0.892410524149814,0.900260993757666,0.889305736552916,0.830433653804353,0.946822215086408,0.924854517985337,0.932033297591288,0.980689200269689,1.07087913914021,0.930425444330143,0.938582515739014
1.14786429410822,0.884470684100497,0.941882272882481,0.934255199772786,0.898742986633804,0.880852817900881,0.877078148400001,0.887397780829973,0.907323560544762,0.91252247662259,0.891208740433516,0.944990922329157,0.91735526295794,0.91555220687303,0.890912864010877,0.911976052960486,0,1.09847996695163,0.899978545837806,0.89452045810575,0.872242648915835,0.87986605748386,0.86007452339242,0.882376362533355,0.877972663820213,0.856315023930148,0.866861355319081,0.852715725480191,0.894254084482338,0.880164325666455,0.879745631012651,0.865324142495224,0.973730804398097,0.952996807659225,0.888300689446169,0.877748219128631,0.93120248429983,0.915189650916079,0.894494458605083,0.893125451217198,0.938674062430662,0.927237886358454,0.900182076832972,0.884395275659074,0.91540040360505,0.910500670923161,0.919000501556059,0.927964877762719,0.98939283253747,0.89079649719621,0.902761663423013,0.896973067839152,0.899702382092417,0.880227276403622,0.914202144930165,0.892930027439496,0.921329849027453,0.873649111395503,0.945080404781842,0.916341614159865,0.925172432158162,0.881684663990308,0.887335375677687,0.880432263522247
1.09542611043657,0.878964397296228,0.888109616056056,0.919582523963699,0.92872130343328,0.893116422799929,0.917602942874061,0.878684159423444,0.927011513053762,0.903417219404821,0.877616088179985,0.925757429874438,0.93394542265688,0.912146756810373,0.886402190841009,0.881353051087542,1.09847996695163,0,0.879461990651835,0.856243959371743,0.858050446679149,0.863612721005439,0.840724451100141,0.860826201752668,0.859683240998506,0.849429857761559,0.865476343382146,0.890299383266266,0.895638262693191,0.881089213400073,0.858782293156863,0.858462708218497,0.982893410933692,0.908705643495474,0.942332183812045,0.942720363963972,0.876875199233422,0.90405212417934,0.902173895303729,0.898150681355243,0.901659627656693,0.90742467244206,0.879662859382654,0.897101509904168,0.904474630141821,0.873989695786364,0.905483084026469,0.934333367330645,1.02841643911168,0.914350402075522,0.908623280134978,0.912059133216475,0.894233787165647,0.896825318382717,0.925237564439152,0.905749484863629,0.905979248924775,0.894596876738997,0.912841345262251,0.913186571863964,0.914070714347931,0.889648753471336,0.867985886305408,0.886691252264824
0.923331365391319,1.00354217050711,0.989560966090879,0.980291477536124,0.912092340783401,0.86331116369221,0.878475114542881,0.85806954076066,0.878282231813083,0.949879812425186,0.881823822000027,0.926531958580124,0.909892419204837,0.93425364692429,0.877993626995172,0.907551252833543,0.899978545837806,0.879461990651835,0,0.898429567577784,0.899917831828115,0.880093037761796,0.893384376060134,0.911216361570765,0.867563420639129,0.881442788551702,0.921500384806525,0.914932930035784,0.892237876793254,0.903807758589699,0.883029825725196,0.870566292280625,0.874797516747221,0.857645221305654,0.868632739051143,0.845315012770438,0.9343086075383,1.02948494569435,1.06861265014276,1.05447155860609,0.884870348807608,0.887964848546463,0.867695601544812,0.865610461628505,0.886675873862353,0.901532860737094,0.888336234139937,0.927135003810702,0.921149972018844,0.933776834394789,0.924873492971747,1.00023649204121,0.905742357163509,0.911349092851996,0.898469462537688,0.911735977189693,0.905164417095753,0.979910058728309,0.881740035674754,0.900509147476787,0.930597875032695,0.905370691471673,0.886048777231792,0.903102488007523
0.967916608807518,0.901370006383059,0.891163306245335,0.97709401534444,1.0302997857483,0.970118307578873,0.991590828617999,0.968719697879207,0.871892276728593,0.831637666531883,0.88106062486462,0.828957326595107,0.92573759612822,0.862753327343281,0.912052432969161,0.79452740310666,0.89452045810575,0.856243959371743,0.898429567577784,0,1.03518302786435,0.915483764154749,0.8649260075236,0.81111713002242,0.920929509484546,0.87009516589319,0.874824214489958,0.871089240385158,0.973472230309485,0.835562050356254,0.834226043654601,0.919431089716836,0.877347136289876,0.857224970726335,0.890270082870885,0.927714796072131,0.927160294602395,0.93479379006528,0.908509614700468,0.927798356950091,0.861641960543286,0.832284765665408,0.909810259437634,0.87485387356841,0.889309939086912,0.889785675565157,0.89449467844269,0.908583460319702,0.886408942740502,0.883736063275868,0.89284744417702,0.914359325775046,0.922808236668111,0.920298968994568,0.958580075339277,0.888176318643442,0.97710056941065,0.787348998777746,0.90410911576366,0.955698784339392,0.939697794665659,0.910893631630199,0.913875646821593,0.933546789789085
0.872423078778076,0.888651616359269,0.938480308752391,0.980146797877046,1.01257939861182,1.05761052674272,1.0145592150571,0.965255972443937,0.913697398627279,0.842723372375556,0.903860365908033,0.919601338936714,0.910233932840384,0.917448292989383,0.869243656276694,0.874316286912737,0.872242648915835,0.858050446679149,0.899917831828115,1.03518302786435,0,0.948309794055834,0.910545148524096,0.856253272261353,0.900868787272755,0.871266727820416,0.905455654221661,0.864660729154671,0.974865056321832,0.868397054746656,0.889226204313644,0.888198071926795,0.932515394272517,0.948981897964821,0.947158926315542,0.937751315114501,0.881832823354041,0.94435961552737,0.943063943568781,0.968036741156987,0.910724712207199,0.879600752302938,0.943218755968034,0.943290906958597,0.941627621300466,0.881702168715362,0.934461230562957,0.91039501861221,0.902407886695269,0.914010245074918,0.892129681401029,0.89536067046617,0.937443962312872,0.961541572474348,0.922385004642842,0.912429328800202,0.928001521300472,0.925650661679413,0.9979340524691,0.932267959322175,0.891677513371698,0.916947384092733,0.894239886138388,0.948265959233192
0.885277117541047,0.869030177859799,0.888226424325079,0.920732618959553,0.877956787027165,0.975111377464272,0.978590356817586,1.04294608206649,0.948949381396573,0.929684028757277,0.863021507356549,0.898811565273702,0.905289888161952,0.928362734741964,0.898063850088999,0.894133365950714,0.87986605748386,0.863612721005439,0.880093037761796,0.915483764154749,0.948309794055834,0,0.964269682956208,0.931459111271519,0.838685564846236,0.841488196973809,0.889502477129998,0.85544268281356,0.906907739606168,0.90419966948963,0.852757550049748,0.899232987685253,0.935003203315167,0.912089662744948,0.940639468268345,0.913568764288105,0.929393346060572,0.914228590358046,0.903890858707902,0.906228767872886,0.9404400867934,0.947347204078585,0.867832207116908,0.905436139178157,0.943341270352117,0.942058417777902,0.884395670049635,0.934198023132991,0.896481793354984,0.946051727891263,0.882933280793657,0.926786588297385,1.06190517391953,0.882306133135527,0.900066070739636,0.926510220759107,0.884046664164119,0.863867165635907,0.909740919208722,0.92998335809217,0.921156762417445,0.907883951311138,0.862875497974657,0.854005701668722
0.90845653922266,0.883847142993276,0.818029954150415,0.907354412915253,0.868105161319132,0.924398222532859,0.917883711548098,0.915867689663737,1.0306969302916,0.923330352561574,0.857536854025228,0.920963308743213,0.902700610462708,0.904249688860689,0.880919917539089,0.897372160721334,0.86007452339242,0.840724451100141,0.893384376060134,0.8649260075236,0.910545148524096,0.964269682956208,0,0.995994685264718,0.862428010953258,0.85055704903834,0.880005874730985,0.86674271375199,0.819094259549865,0.882082372958389,0.879852408026025,0.84095773921449,0.888563311017227,0.901374772787143,0.892494106812724,0.894618324090754,0.916479233721316,0.930144099864524,0.890512788110763,0.905277748847931,0.973241379533525,0.957196225105542,0.862098324365137,0.882822212099009,0.919109957727849,0.933407936744208,0.893189071332879,0.928214670299306,0.891404739661848,0.888268191129568,0.929467751573773,0.916997603698178,1.02322310293424,0.848765156154869,0.874483344296392,0.914615983810349,0.880318687268509,0.943762468192667,0.863148236199112,0.900196582525137,0.901086525808736,0.912067523649992,0.855713568485586,0.862667329153617
0.907553812611696,0.94153767399679,0.884571141505737,0.919124506494611,0.951504745124287,0.90484049602968,0.906811743723681,0.931363358221023,1.09932156753419,1.01676870902203,0.913493082257853,0.916375658590679,0.941013553467625,0.93811892264466,0.896568718386054,0.878721375727323,0.882376362533355,0.860826201752668,0.911216361570765,0.81111713002242,0.856253272261353,0.931459111271519,0.995994685264718,0,0.90831746121368,0.872990523339605,0.878241370953438,0.907293878645321,0.854014646440549,0.918393730983176,0.868659928947751,0.893284955007959,0.913912357158749,0.901632185420524,0.910121482500376,0.883563789582071,0.900682819994826,0.950910060761235,0.914148052101735,0.891034974692113,1.05615997062396,0.952285978315,0.89699803159092,0.842106929676748,0.917848419159905,0.881086173357824,0.902970494975483,0.907396818579864,0.905937167167814,0.903910051253127,0.93500398773809,0.930999851760379,0.960441483160816,0.899792995822387,0.914273666464717,0.92390824353448,0.936698026122768,0.912982846780322,0.894656333648356,0.923091132655463,0.933847511992128,0.931236956820629,0.85016636509817,0.893075005518556
0.94211355922787,0.929480706390619,0.9015613247304,0.8873044534334,0.894265138505517,0.876382508784523,0.889552760764342,0.902215969662296,0.949067107819993,1.01859136497599,1.08505997158594,0.881791394790187,0.91324031871915,0.945742646372801,0.911903723957859,0.875906841813584,0.877972663820213,0.859683240998506,0.867563420639129,0.920929509484546,0.900868787272755,0.838685564846236,0.862428010953258,0.90831746121368,0,0.890720583400981,0.903253088015245,0.887151111535433,0.958467311706923,0.877855264241377,0.877493938021407,0.894977975606939,0.887704989499651,0.871299486170052,0.884830406796791,0.913123492151608,0.910526367731382,0.957522144841655,0.925309282653814,0.881493809185433,0.955064150027645,1.03120845938198,0.979237502433451,0.902842937493054,0.85888200273025,0.888397807092895,0.911620837690846,0.895898839457079,0.913950373862313,0.912823650741867,0.900085987870763,0.932415500310334,0.901756516962657,0.961186782681007,0.933236552840807,0.886326858117441,0.948050027978014,0.89358278370561,0.985696495058997,0.954419086483063,0.862332857209591,0.859588552860584,0.899222963422671,0.922579082017973
0.904024301186112,0.888012236712396,0.920813481677799,0.947848926597001,0.902144491751093,0.923211260727075,0.888543602863518,0.890965240215421,0.875277971816102,0.9228008894866,0.968784655112245,0.927441123234728,0.933652041440254,0.907927506456849,0.90994754096274,0.92879081889856,0.856315023930148,0.849429857761559,0.881442788551702,0.87009516589319,0.871266727820416,0.841488196973809,0.85055704903834,0.872990523339605,0.890720583400981,0,1.05345102510617,0.862176662884945,0.895669669523242,0.868742740592612,0.841336790783311,0.860414229522939,0.886125270774508,0.896918057064604,0.937815988399525,0.905629288321087,0.899087721903468,0.892988008852636,0.853203692453805,0.894873462216011,0.873348907171066,0.920002709307527,0.997554808372086,0.955944760600486,0.905148551102481,0.86390264563636,0.884719476415677,0.93385836211801,0.885244504667583,0.928140357253071,0.928010573267855,0.913790259189435,0.862291271983366,1.00901504438568,0.944302763607423,0.948380079123381,0.873271425595611,0.908478794327082,0.899814913782639,0.910578102771571,0.906981322349296,0.899206966126366,0.866533500961499,0.8888697476135
0.904652527810539,0.911494039578291,0.915032340526427,0.947282927163506,0.925667548910893,0.9184300654219,0.937233132832082,0.880232530184354,0.867490802986489,0.914023903748739,0.952847791016953,0.941887229078662,0.952807849628147,0.915005032938498,0.928623782206935,0.957964133607773,0.866861355319081,0.865476343382146,0.921500384806525,0.874824214489958,0.905455654221661,0.889502477129998,0.880005874730985,0.878241370953438,0.903253088015245,1.05345102510617,0,0.899536683799788,0.85208536580243,0.899305876482051,0.848178755032327,0.902604750413031,0.908237773189948,0.925524952251315,0.91843371073481,0.923567327067256,0.918200096445102,0.890913640693917,0.841658876348176,0.883073868410231,0.882011976591919,0.958207356463685,0.960419963398161,1.04218364628551,0.924254308721959,0.921993274797522,0.90789309283958,0.928833958409182,0.871781408806796,0.927538500419012,0.92225321847262,0.911908847481098,0.85225378518278,0.984835113794644,1.01321920356421,0.95840714803873,0.868866272978716,0.911091175185491,0.895647795638342,0.900372967715555,0.926564620990252,0.930141778835787,0.851697398873927,0.844144282330071
0.891307948282228,0.89726091394502,0.902293029437525,0.938657737432185,0.900510001689904,0.890994313163713,0.893775608448173,0.874393915562536,0.881040124596931,0.917317623159777,0.894800764247667,0.885590710144972,0.932512489311613,0.95504345747333,0.914409933897112,0.874687825628074,0.852715725480191,0.890299383266266,0.914932930035784,0.871089240385158,0.864660729154671,0.85544268281356,0.86674271375199,0.907293878645321,0.887151111535433,0.862176662884945,0.899536683799788,0,0.911876609162547,0.879210887259657,0.865936114515693,0.92297114707944,0.883415091322026,0.875767191687811,0.893266651620132,0.888378621281709,0.861270957231898,0.885564447807506,0.824765829679208,0.837821357541983,0.849104583028671,0.893066785976581,0.845129150405837,0.837234029467577,0.893105812504575,0.911317373427265,1.02130457177694,1.12447270380018,0.88549833215815,0.916571411345102,0.919098870154757,0.900340933854912,0.853556962985037,0.876781779175472,0.851629213560029,0.891172464828052,1.00964670612422,1.09214907100786,0.907164643094619,0.906662950929638,0.855375245321168,0.874694385447417,0.844607081649481,0.85284458349951
0.97446333703325,0.93141782848056,0.904709511637267,0.840685830403147,0.805692849302435,0.947039728188652,0.948599972539877,0.910244076878248,0.855401155353657,0.949953259318788,0.954888651579948,0.922869250222225,0.944329623124681,0.97739374776798,0.990189985304901,0.99016979879519,0.894254084482338,0.895638262693191,0.892237876793254,0.973472230309485,0.974865056321832,0.906907739606168,0.819094259549865,0.854014646440549,0.958467311706923,0.895669669523242,0.85208536580243,0.911876609162547,0,0.909507822174769,0.884546865404595,0.87079132603424,0.900927180579964,0.896627919259414,0.872651155355477,0.898976546216356,0.988865228618825,0.889452252235172,0.917762504718604,0.934293904954408,0.917104700331596,0.890661519049455,0.977135370015399,0.893537664495148,0.919220309180741,0.980106333689371,0.981472991056368,0.936277592024712,0.864649723005251,0.932493590957254,0.954469044981808,0.935859895236971,0.862397773984599,0.905725222861413,0.824390055272923,0.838071697347833,0.945690389276259,0.972764708973697,1.11310347276926,0.976629838122685,0.941997828238309,0.951208641214979,0.8999807575869,0.818175612530202
0.880517911719459,0.901539499874161,0.924144192738165,0.99091591620513,0.952385883387718,0.883163179630806,0.898314155047111,0.870417299220539,0.97989189758058,0.907638838555049,0.898667994907522,0.928540808338486,0.935049218697389,0.929338123323441,1.00310952650785,1.04766391273736,0.880164325666455,0.881089213400073,0.903807758589699,0.835562050356254,0.868397054746656,0.90419966948963,0.882082372958389,0.918393730983176,0.877855264241377,0.868742740592612,0.899305876482051,0.879210887259657,0.909507822174769,0,1.02082703657572,0.950928325056928,0.939736828072892,0.939562417209797,0.969347091580455,0.975632840984914,0.937607492943117,0.933002788200441,0.939275192652643,0.892863644845085,0.91449514434929,0.889720760734548,0.923134330291889,0.921560899213708,0.977118961924837,0.924246045142815,0.922282672766682,0.892690819614505,0.89326663376646,0.866896046302181,0.912686397752373,0.873089927727569,0.880481378848148,0.87746604114029,0.929784529137845,0.925618695597775,0.863028511657014,0.876564561731854,0.987056715252017,0.993290587109761,0.969314163710469,0.961537594902473,0.94560384476747,1.02014908126906
0.919604328700274,0.942656465600332,0.88016301941926,0.932761636259444,0.926218651227562,0.907191427860313,0.910895345395142,0.888528747349743,0.910303211552355,0.894763993016902,0.874325494530861,0.901256592688845,0.940095929498114,0.955079483237065,0.975584748552282,0.969360136235151,0.879745631012651,0.858782293156863,0.883029825725196,0.834226043654601,0.889226204313644,0.852757550049748,0.879852408026025,0.868659928947751,0.877493938021407,0.841336790783311,0.848178755032327,0.865936114515693,0.884546865404595,1.02082703657572,0,0.988064712583074,0.918952087376466,0.893831124242244,0.916452696868127,0.947708886257803,0.907333349941776,0.915625839792084,0.932066211265005,0.897571677037936,0.888739494677756,0.897947680648495,0.902882208144525,0.926106006301876,0.940504572807829,0.925066245448018,0.910039371810388,0.931957968828593,0.894687488615133,0.898406058348511,0.902538575296193,0.935160908558804,0.89196604843449,0.904763555509567,0.905035862611022,0.867410295511327,0.878174179207824,0.86386107262418,0.908227562314489,0.920645085769314,0.939521889999162,0.947607284946967,1.01398389123632,1.02297642867228
0.937575374907088,0.927912003225957,0.903590883878449,0.927014552792852,0.902261075629787,0.940394757131216,0.909303514178453,0.91695228740143,0.896059852336757,0.89631937896715,0.95431316901115,0.922630708212214,0.944750103674889,0.961669696922511,0.929593096137751,0.988933236220094,0.865324142495224,0.858462708218497,0.870566292280625,0.919431089716836,0.888198071926795,0.899232987685253,0.84095773921449,0.893284955007959,0.894977975606939,0.860414229522939,0.902604750413031,0.92297114707944,0.87079132603424,0.950928325056928,0.988064712583074,0,0.90344104333426,0.9458334322049,0.946156449413436,0.921570907529001,0.93218009640229,0.960816021621302,0.913782333835134,0.90399089488323,0.933660682915427,0.930947524603489,0.944122661630467,0.87929237296667,0.92424524472309,0.987736794935822,0.950848587501191,0.969839396355137,0.897274717219702,0.919757395511943,0.904309636938569,0.916710729901814,0.870664769364533,0.874490958743245,0.857845609399765,0.902666034366024,0.880493936141048,0.87182139088234,0.857761748398035,0.851802457849666,0.894963343024609,0.906294430908109,1.11855111658671,1.1831376766646
0.966764166079919,0.865374398710301,0.85979472902768,0.905503918350822,0.869735091616153,0.935389521003186,0.938655491795803,0.907066661941529,0.872925439183107,0.848816559481533,0.922014991022415,0.867537135075853,0.892813680083992,0.899202413844389,0.909035972990865,0.910581115620195,0.973730804398097,0.982893410933692,0.874797516747221,0.877347136289876,0.932515394272517,0.935003203315167,0.888563311017227,0.913912357158749,0.887704989499651,0.886125270774508,0.908237773189948,0.883415091322026,0.900927180579964,0.939736828072892,0.918952087376466,0.90344104333426,0,0.940503935350853,0.925230994150719,0.907987017825362,0.845844462923484,0.867738909826587,0.849977823567904,0.819471705742704,0.814102169220813,0.865855603762847,0.859273353143563,0.874681368182416,0.867178859378168,0.880206574041578,0.830775871893824,0.892591046778688,1.02054785920148,0.953007620213707,0.920059145909914,0.898833872531475,0.915513761721054,0.92660285449621,0.868565036727086,0.866616580748504,0.866726910414929,0.922351428384662,0.887477989295852,0.930051908310651,0.898854725393961,0.896181064335584,0.899547646903533,0.911351624090728
0.999370629950624,0.892366015681914,0.827924346029721,0.913911753529274,0.908114008786043,0.913704162787268,0.916103821443803,0.929749082171605,0.876448809920236,0.869909447283965,0.90770373225746,0.866289813548995,0.879714078392781,0.887965088913446,0.900190387247255,0.89431661832385,0.952996807659225,0.908705643495474,0.857645221305654,0.857224970726335,0.948981897964821,0.912089662744948,0.901374772787143,0.901632185420524,0.871299486170052,0.896918057064604,0.925524952251315,0.875767191687811,0.896627919259414,0.939562417209797,0.893831124242244,0.9458334322049,0.940503935350853,0,0.977885687294403,0.939424462703468,0.859487382684051,0.816945449841165,0.849844952359324,0.801648454446943,0.812763747372363,0.867370109924463,0.854743623832333,0.853712437475298,0.857655825410134,0.824797926798769,0.882281833747063,0.902174040267037,0.935133748166665,0.948471947428157,0.942833546326079,0.917780325128639,0.889083433447313,0.891385916003264,0.851348563180781,0.888971106157337,0.860203340530859,0.917336924647886,0.879243819193644,0.895067388966632,0.908090700446197,0.88850761923647,0.894381656110048,0.890137059908925
0.936490831140087,0.89154466498135,0.862867409907136,0.902752132469081,0.893159222197635,0.910959859764275,0.929301011540455,0.924133703190984,0.915166790225674,0.857927246213254,0.927768864920239,0.879061509397735,0.909915703965909,0.8777661080415,0.937787181114269,0.899815488182697,0.888300689446169,0.942332183812045,0.868632739051143,0.890270082870885,0.947158926315542,0.940639468268345,0.892494106812724,0.910121482500376,0.884830406796791,0.937815988399525,0.91843371073481,0.893266651620132,0.872651155355477,0.969347091580455,0.916452696868127,0.946156449413436,0.925230994150719,0.977885687294403,0,1.01093717667453,0.885155003091771,0.853439169622868,0.837397954946643,0.809467997315649,0.83694190952222,0.82166313921125,0.856300158464282,0.859388656512419,0.866005935028081,0.873601675305601,0.871296827898085,0.926771349583505,0.94160346383494,0.961425537967459,0.946811687636812,0.958491812832712,0.884917700347049,0.929068772633147,0.882445474290226,0.863276306889286,0.8554435887232,0.96359162792385,0.854027153639161,0.935678386302064,0.862739226254263,0.860805311395609,0.85534837371993,0.914208164006619
