0,1.11827960123461,0.945987688247667,0.918951723368096,0.94521959839066,0.741396662670332,0.946219969205029,0.973482501030087,0.729582796495441,0.958691907395765,0.94828688667157,0.968125774998167,0.862383246061967,0.783184772233136,0.928904416882939,0.871778160809457,1.06130184840318,1.08677668243068,1.15447523990336,0.963318668578699,0.95025092265704,0.930602689480846,1.0315773236877,1.03775437559713,0.855347980068395,0.993920272023799,0.981981902783399,0.971008230656584,0.938090883272152,1.00488534913998,1.02452737641552,0.89176357021278,1.00627796172307,0.783523611795136,0.870146936102017,1.04971395391105,0.914509029926653,0.99178820826111,0.911289929558583,1.02014331415038,0.959494436067824,0.806383474180751,1.00226437446975,0.944466981679247,0.768033980456856,0.932070921178061,0.887654624756177,0.904108135801408,0.868219900323486,0.856124079450106,0.747722533233449,0.848791387316556,0.983023392080174,0.795424275784133,0.83842846598588,1.00395927537809,0.785563252663574,0.966983588247886,0.884441079271152,0.826513514861108,0.918374599236377,1.01006300049545,0.98365988704646,0.939240469172485
1.11827960123461,0,1.11639641494319,0.737167349785847,0.827785157664085,1.05408071852165,0.779480351080148,0.80725436498855,1.04201410069068,0.850227816390814,0.698990718953885,0.869079478392292,0.967214283385577,0.966662532291208,0.759844587386147,0.889673503671792,0.757908639586528,0.889667950633972,0.819645132165181,0.895682727111623,0.830223520126055,0.966327526727179,0.755524340002275,0.747514037315684,0.999829040006947,0.820350117019106,0.93096895229251,0.810601566839485,0.885180967592806,0.881934008982366,0.853522942799324,0.993109562333293,0.827876205860509,1.10412158157828,1.0468422957362,0.795975639600623,0.990112683654804,0.809774600824352,0.980721435489912,0.723062222621734,0.850623615139632,1.058738772542,0.972492067731173,0.896823585092155,1.03268455445898,0.911734710479344,1.0304999187791,0.990692139709471,1.11268462196912,1.07103468057648,1.05300872393413,1.00188740140193,0.785138664458137,1.01204145293103,1.01328929814697,0.880859691172895,1.08555306903503,0.923240823167818,0.999701073194355,0.991594124875391,1.00877660268221,0.744386465309603,0.830263309237448,0.864276125810649
0.945987688247667,1.11639641494319,0,0.960313749548811,0.891036103724862,0.881328745581431,0.938328934799098,0.962387315621673,0.802944616964911,0.977399421893705,0.923207506699494,0.867855660929306,0.777327363931923,0.871222420791596,0.977497807827127,0.881863848868782,1.03195847386337,0.962106838106674,1.09935836392105,0.910325019535586,0.967216335215223,0.93421027489841,0.996280656156683,1.0657939169534,0.820854336534653,1.02374821046282,0.876817092075038,1.02733129161465,0.989883669259906,0.95484158594093,0.93397894295406,0.923244642977025,0.952272995255898,0.843889354650837,0.938946774117438,1.09132252976989,1.04434448394187,1.0275661575737,0.718174120178644,1.03010917369823,0.929816845392308,0.847623795243966,0.919025900317233,1.03804213820953,0.904850681586764,1.02006532455281,0.958952399252897,0.885855608680458,1.0817549904693,0.828391365320347,0.8758003803277,0.966949571557786,0.938839414742399,0.889876816849968,0.89477040770692,1.01635223251313,0.837395148659699,0.888939281682568,0.968631913619962,0.858777688411235,0.810702110292658,0.972181209601314,0.950246637585685,0.945277569660869
0.918951723368096,0.737167349785847,0.960313749548811,0,1.07087932807863,0.992746396568098,0.78144645598289,0.948441610903347,0.96138441679537,0.848427852265621,0.755226237420953,0.980189522000706,0.959376217105295,0.944102568781749,0.780074649621248,0.825992539825893,0.848008847428122,0.956467954748214,0.773896335517786,1.07096522695306,1.08124182191541,1.01447003464314,0.8011012649431,0.866425021426257,0.967163821170158,0.798023476173326,1.01363584158008,0.774549033648779,0.826399477396434,0.989713733181539,0.963031460196564,1.00831241306977,0.946487650738399,1.01001394952825,0.905426012686024,0.819193839413612,0.90835917336219,0.96357638786644,0.998443039831416,0.699782721732391,0.89143402542631,0.949350642561889,1.00917140529192,0.814739987859288,0.941826625821842,0.909378670009501,0.929568568610288,1.08134654729982,0.895699307336749,0.996423077748592,1.08273800996098,0.867278122761079,0.817707615839676,0.954930105509366,0.977497934600445,0.825595938900646,1.00587526097887,1.01990061834621,0.923644819099743,0.969188269494161,1.0354585850419,0.736533726915322,0.834999537160222,0.817568103720834
0.94521959839066,0.827785157664085,0.891036103724862,1.07087932807863,0,1.05576940730026,0.983481257274438,0.770469666709403,0.969261558900704,0.933802553004341,0.865618009513073,0.760317389012371,0.86636158239419,0.971987427465729,0.904047795138276,0.961598103025681,0.856829017477119,0.784617037153916,0.869518916406654,0.808979862954408,0.918475531263525,0.847958136578829,0.927404206798723,0.819571960598133,0.933027288053562,0.9438599301836,0.792545479031635,0.963781040355057,0.987648207126081,0.770557358510867,0.803494185737328,0.867849441098842,0.859886511781577,1.03214440012981,1.03791819766562,0.856301944343233,1.04593954391838,0.884386272071984,1.03825846671629,0.951637090829188,0.846051128625541,1.03309002829445,0.881320180203287,1.02439761278717,1.01302454763987,0.919417776878902,1.01038514749164,0.799443467300392,1.02761588147965,0.956035914182423,1.08755019243258,1.02650409360911,0.836518653635398,0.973406856538196,0.981111526460931,1.05549031101479,1.03081774035544,0.793461288524768,1.01171046121543,0.930154898757957,0.828621101471247,0.973466666277273,0.928615934323541,0.970001426077671
0.741396662670332,1.05408071852165,0.881328745581431,0.992746396568098,1.05576940730026,0,1.11186876017583,1.0305683307081,0.694168389313677,0.900466173510751,1.01867457239883,0.984483501873736,0.899746091512719,0.767244097571238,1.00695487248374,0.874634659824143,1.07407300174832,1.07617545292573,1.07224625091074,1.02181754023698,1.05913807340859,1.0024285440579,1.07474108510111,1.10125051253557,0.871093280092759,1.00513188651865,1.03239053628364,0.998328768357558,0.925344358806915,1.03689449867643,1.07656870251553,0.823522193823887,1.04377710365309,0.728359389415487,0.774342311181855,1.05357376247493,0.808752051983796,1.0342013399921,1.05755918020617,1.11635394909624,0.989766059703462,0.755070179965121,0.989134035592668,0.913153647971773,0.706535126165873,0.90173401318951,0.791925850277106,0.917281725215887,0.739862656697828,0.831504992322507,0.729361495695172,0.82229977397654,1.03912280641833,0.786457602111114,0.768805471562048,0.979107415096028,0.788764604149425,1.01199410627378,0.82556632076084,0.848667724401553,0.935815534647053,1.08565236788131,1.02602735363886,0.971806027606971
0.946219969205029,0.779480351080148,0.938328934799098,0.78144645598289,0.983481257274438,1.11186876017583,0,0.968002737081915,0.997382112950798,0.813178148485039,0.800303797663575,0.944186079198476,0.946957259343839,0.952608606121198,0.784986686763752,0.86424743727636,0.864009037226244,0.975609765992718,0.782655867542559,0.985146096934371,0.960137478577892,1.11536533251609,0.786681116717895,0.897211891344359,0.980336674491481,0.810425862848455,0.992352721065582,0.767697917821481,0.81657045903986,0.947544231498856,0.93341002894433,1.03681589862258,0.98885286319605,1.04085100350933,0.910458407439114,0.838792371299093,0.855789878787897,0.926903606365188,1.01411029548214,0.870931854166314,0.894968834536187,0.956633438430944,0.981198874317319,0.787410061268157,0.973361026622771,0.927645523140263,0.949225089932749,1.05564094113171,0.95944118671157,0.993423947268301,1.00358210628173,0.961096510181162,0.879290624523402,0.984724168519487,0.981001341325545,0.782310396129934,1.00579393250525,0.966695930242416,0.922357012551084,1.04768414737325,1.0325920979654,0.768102133235763,0.875038007567685,0.804868023576659
0.973482501030087,0.80725436498855,0.962387315621673,0.948441610903347,0.770469666709403,1.0305683307081,0.968002737081915,0,1.10683583434653,0.941270908721682,0.815638561515299,0.771483570906065,0.936896252140822,0.968077738300785,0.916962258525544,0.992011226459387,0.82916834922674,0.780257835050461,0.872671542209882,0.84463415782826,0.783736793213984,0.913706379852988,0.890126838853249,0.812260135642557,0.977206937813086,0.935087134617863,0.80978094864605,0.954251485320344,0.989013796136594,0.826983569083777,0.806983082486198,0.912116761126461,0.817748325803237,1.05469908832703,1.06405737597959,0.858227258875356,1.05533064016708,0.785528137327493,0.961615760281662,0.958490636908211,0.923641821959346,1.05360618780088,0.885845690220715,1.04166378333043,1.05666926295584,0.942500326890244,1.02054293522473,0.840097147207802,1.00634797488599,0.990992972065836,1.02549531446332,1.12992200249349,0.931724818317161,1.077378051371,1.02921684110129,1.03216548853921,1.03477996956004,0.856953469838139,1.02936680184867,0.925376878745992,0.885575967964016,0.910439754002994,0.888122817200263,0.951629826804191
0.729582796495441,1.04201410069068,0.802944616964911,0.96138441679537,0.969261558900704,0.694168389313677,0.997382112950798,1.10683583434653,0,0.940350721761861,0.989377718958656,0.970350413629549,0.873533982636461,0.730296592956822,0.97999410577669,0.874209356345455,1.04990805898571,1.02448984988262,1.03835295529482,0.963894796322966,0.974058822611266,0.991860170296283,1.09811589548507,1.08010914759314,0.831839602173758,1.02638135776609,0.968054084944164,1.05158023851563,0.94497951362603,0.989812870254781,1.03479716485088,0.874730812718122,1.01243091409127,0.732038306155313,0.780744794346055,1.05411513207849,0.869393613937621,1.01138140090033,0.835844430692333,1.06626357803835,1.03988214704419,0.816704545586746,1.01531091692447,0.982147080609357,0.705838002382284,0.918030699033042,0.850485240788037,0.883858936063644,0.79769525308248,0.788269797486566,0.692200034807491,0.888712568854407,1.11158636095272,0.834250831085609,0.80369355510121,0.987903293073673,0.74980973970094,0.93926582811226,0.874086966218899,0.74835026732771,0.873277085981982,1.051306446478,0.958784462848681,0.931093229083976
0.958691907395765,0.850227816390814,0.977399421893705,0.848427852265621,0.933802553004341,0.900466173510751,0.813178148485039,0.941270908721682,0.940350721761861,0,1.03398021065609,0.992869410175121,0.941865472364525,0.948970394974268,0.90254914154959,0.914314448053297,0.888206150391566,0.981781885582118,0.828397436187061,0.95939835071562,0.884237580420096,0.950898521436385,0.9139735006911,0.951723831099123,1.03243204384556,0.864477232012182,1.06044617344321,0.831739806864111,0.756927341018184,0.93109813305186,0.950372956857075,0.905962986812259,0.988160926881401,0.999488096280151,0.852138986498171,0.916996159751099,0.763720900533459,0.969805122448509,1.02988804606412,0.865966729083894,0.989061585772577,0.998911190267695,0.990214848337128,0.760738180413253,0.988103591955706,0.909728974510925,0.825051317692243,1.01073918012629,0.919823119515259,0.996561938630925,0.903574012801069,0.835325217300955,0.886614386867941,0.955418946212509,0.913892629001522,0.806089929436814,0.995234384447046,0.974251718969692,0.814576569866976,1.1849436008692,1.05149222829979,0.883099333677199,0.900673051640905,0.813039601652972
0.94828688667157,0.698990718953885,0.923207506699494,0.755226237420953,0.865618009513073,1.01867457239883,0.800303797663575,0.815638561515299,0.989377718958656,1.03398021065609,0,0.97913244136019,0.951708083324443,0.900944036523771,0.765064417807031,0.856187859996852,0.764508041188078,0.857775256636214,0.772458366367258,0.924931905450977,0.862445857042572,0.938915260815104,0.735398328411614,0.753987918388438,1.00326093357361,0.871656037141657,0.960200712274972,0.868248505397804,0.940576186644006,0.885319290390583,0.847500511550006,1.01129433570474,0.828632236772845,1.0772578273872,1.01667958107274,0.75723492535677,1.01885956116699,0.808749970379835,0.949130355789415,0.714100525367533,0.857757804808755,1.05107274158357,0.956139977335913,0.918793300999679,1.0876865652526,0.933971537492896,1.02111883249962,0.978959936319276,1.00878139080288,0.993691576053875,1.02414281219098,0.982973931907561,0.804210600503876,1.00471501810808,1.00909809877792,0.925443748585652,1.02998790576603,0.940809424539817,1.02412617816928,1.05265765765875,1.02990680448072,0.73740722705398,0.827696050774228,0.893247662394475
0.968125774998167,0.869079478392292,0.867855660929306,0.980189522000706,0.760317389012371,0.984483501873736,0.944186079198476,0.771483570906065,0.970350413629549,0.992869410175121,0.97913244136019,0,0.904906143224007,0.928749847584385,0.954847830875374,0.991102690822077,0.878809666149844,0.783239163386209,0.905248671553555,0.817699868853443,0.814285931955927,0.831823734948438,0.886099286174718,0.848141292341189,0.965671571921112,0.978580202133547,0.812475722743849,1.06989822512012,1.03602492475617,0.799581769124243,0.767485216742724,0.861926763293761,0.871183901923509,1.04353430338035,1.02086663971663,0.881779661961381,1.04345385848924,0.87315761616385,0.92867738951853,0.942563779939644,0.880010886964114,1.05092348878752,0.875215575502767,1.03496402362623,1.15566531135763,0.95600757045499,0.987584830599832,0.826385082460608,1.02433885767615,0.965920568920911,1.0153175400409,1.01219156030949,0.884411564136402,1.02210609227958,0.973069748531921,1.06878255028162,1.03286679082201,0.837686312366196,1.01088872091857,0.987740382669623,0.923128818943584,0.972808954592637,0.930411182363409,0.988945403057257
0.862383246061967,0.967214283385577,0.777327363931923,0.959376217105295,0.86636158239419,0.899746091512719,0.946957259343839,0.936896252140822,0.873533982636461,0.941865472364525,0.951708083324443,0.904906143224007,0,0.969784134693165,0.93975633673614,0.895505847460861,0.975908098612723,0.913694154826506,0.986175600516361,0.85123185236811,0.972700315222267,0.903276432806049,0.984680996178997,1.01712053661291,0.808433319083542,0.948793399048462,0.828944836854048,1.03548138143429,1.04112434678971,1.03037229283429,0.943382470856719,0.889881831403796,1.00224807258764,0.86867768160089,0.933564319870735,0.953854174404784,0.957574420848031,0.997685937795356,0.748451283270412,0.961209312133748,0.896823278351334,0.853820530026587,0.914272208401863,1.01545259780311,0.93940793446587,1.1336319525967,0.978332006968781,0.88589316946947,0.919661282139515,0.844046178257157,0.9378700801866,0.958915691621687,0.885868490025046,0.894045172096391,0.937346818322023,0.981905490525233,0.881674186557795,0.888070274966428,0.976444929748678,0.839400880377751,0.848640507155085,1.03954814454522,0.953622658767819,0.875338961002862
0.783184772233136,0.966662532291208,0.871222420791596,0.944102568781749,0.971987427465729,0.767244097571238,0.952608606121198,0.968077738300785,0.730296592956822,0.948970394974268,0.900944036523771,0.928749847584385,0.969784134693165,0,1.00870167114851,0.872441902127255,1.03067956528763,0.990889554860217,0.991913688702493,0.990934580613059,0.961088400309265,0.909768483788923,0.984344627751006,1.04900310082957,0.888211458938208,1.00340400149177,0.985086092963985,0.9566657889839,0.968162328722521,1.04021372949731,1.13897675596728,0.905330418391565,0.962673835373681,0.796783275367793,0.851265664245648,0.983858332013163,0.940075966098388,0.945232070239222,0.875205946109749,0.973882428841653,0.950319869223873,0.817857142990479,0.958457974401269,0.953352249847582,0.707748000644049,1.01181934910528,1.05098655974706,0.923007523525464,0.805257551855985,0.814166782501905,0.77045229632265,0.835409955505964,0.978423123399731,0.831134902128886,0.81925711040407,0.991089215993483,0.789271208307851,0.974725045553387,0.936867843154996,0.808087581752539,0.913348692980158,1.05971287911604,1.0120948316353,0.916096941222847
0.928904416882939,0.759844587386147,0.977497807827127,0.780074649621248,0.904047795138276,1.00695487248374,0.784986686763752,0.916962258525544,0.97999410577669,0.90254914154959,0.765064417807031,0.954847830875374,0.93975633673614,1.00870167114851,0,0.982849898998218,0.86265311350942,0.936219522895961,0.837191450542378,0.986337862286743,0.928149295444848,0.970207638335023,0.807784418221686,0.885978158496705,0.975049812937371,0.843398943312367,0.962671222876916,0.817463616688166,0.881073993354594,0.942124244095955,0.932135317440432,1.10425101166719,0.865293956480685,1.02628514062781,0.997753207803057,0.815539031704849,0.946587815568275,0.877633161452951,0.941237916473137,0.746991679557426,0.877513398466589,0.961663545476824,0.961113101675518,0.888350163260263,1.02194735381735,0.934477074138319,0.96622487403132,1.16163587445776,0.909115825594156,0.968874447092307,1.00993092878752,0.902179702544466,0.86011913043175,1.00748593698542,1.02609175439371,0.895220838336782,0.995733069873817,0.966887475504654,0.929234315528631,0.969004217527963,0.997557868234903,0.72553088414621,0.889891891788281,1.11269168813425
0.871778160809457,0.889673503671792,0.881863848868782,0.825992539825893,0.961598103025681,0.874634659824143,0.86424743727636,0.992011226459387,0.874209356345455,0.914314448053297,0.856187859996852,0.991102690822077,0.895505847460861,0.872441902127255,0.982849898998218,0,0.961987056934113,0.983501727601513,0.93058880811357,0.995750368630973,0.979524614021323,1.01617433178694,0.919706400920954,0.979221261282014,0.884297527573017,0.904128604872516,1.00778420083092,0.931491103083011,0.904912122648904,0.989406011751138,0.989678221515984,1.03003478274448,0.928832536702729,0.920464164001635,0.928876909968191,0.923579573893461,0.90997018244401,0.973776599518368,0.889821610032258,0.827262265165072,0.954852130784053,0.891550628290167,1.00674672755358,0.913326598520535,0.901401598751776,0.88784339934012,0.894730145789905,1.11105469289531,0.851196415513201,0.909997921073704,0.899671407355685,0.878690093548253,0.916548498962132,0.900558737205535,0.923626574415432,0.880955136426576,0.907311786681672,0.98924696331388,0.903205855959857,0.881027001537472,0.96856968384534,0.835976704708915,0.946030392765707,1.13919778718482
1.06130184840318,0.757908639586528,1.03195847386337,0.848008847428122,0.856829017477119,1.07407300174832,0.864009037226244,0.82916834922674,1.04990805898571,0.888206150391566,0.764508041188078,0.878809666149844,0.975908098612723,1.03067956528763,0.86265311350942,0.961987056934113,0,0.854008073073344,0.782730641960148,0.880760436168003,0.800070425935639,0.893840357271662,0.771113813422714,0.731996750743973,0.950006927691907,0.80584322822049,0.848835422054813,0.81498692233521,0.860112103144848,0.824404616619382,0.830200591312111,0.96785885862223,0.882504457011894,1.25213622367027,1.15052250848318,0.747303030171655,0.967866980961844,0.760602656549197,0.993430648605787,0.774361498269226,0.817642801742713,1.06791342956319,0.902681077088677,0.893537966096801,1.06561880813765,0.900145042366407,0.944887750018417,0.897761462912949,1.01699824138656,1.0230782033688,1.09547984737194,0.976353962073861,0.824415632248892,1.07195220331574,1.03443547033517,0.932319561331819,1.09782481829262,0.913143631982725,0.979436791465644,0.999305654159637,0.976504795008108,0.791951657042293,0.836502504035356,0.935754374836375
1.08677668243068,0.889667950633972,0.962106838106674,0.956467954748214,0.784617037153916,1.07617545292573,0.975609765992718,0.780257835050461,1.02448984988262,0.981781885582118,0.857775256636214,0.783239163386209,0.913694154826506,0.990889554860217,0.936219522895961,0.983501727601513,0.854008073073344,0,0.953548435132122,0.783642226347646,0.769490455154406,0.788065594253109,0.880481923388488,0.765791327120037,0.925784690029701,0.897423120551939,0.752173721070906,0.942355331420335,0.985247533745234,0.737667569023079,0.760208654417104,0.894648768959298,0.870254544577432,1.09009527095868,1.16999426967589,0.867742043590205,1.06771453189391,0.80300301729721,0.959043724353991,0.929274716156647,0.826859841919448,1.06007128082621,0.842764453318885,1.01179314209499,1.05333236230733,0.935390468868341,1.02472519927837,0.802126411872607,1.10806535498568,0.984900628874809,1.03371749648812,1.05784083254496,0.847584570879018,1.02747308487353,0.999829409364484,1.0626977099512,1.05298406921403,0.819745355057708,1.0119217828082,0.948479936918031,0.841694266612982,0.924136282756328,0.922946444516125,0.990767693110114
1.15447523990336,0.819645132165181,1.09935836392105,0.773896335517786,0.869518916406654,1.07224625091074,0.782655867542559,0.872671542209882,1.03835295529482,0.828397436187061,0.772458366367258,0.905248671553555,0.986175600516361,0.991913688702493,0.837191450542378,0.93058880811357,0.782730641960148,0.953548435132122,0,0.894067121683869,0.815120910759066,0.95793020835254,0.752427630725768,0.774184904232233,0.975206958609393,0.738126119356174,0.904418768287998,0.751560950070187,0.81199024478961,0.850434553860682,0.846303533400847,0.96798750225666,0.893968389199825,1.11228132708119,1.04197195864685,0.835607688396548,0.918283185518468,0.816382059264577,1.06005480061266,0.797402600335037,0.854792914564263,1.04591428209348,0.966080587350562,0.831119314658384,1.0549884228551,0.903225924629718,0.94859068962476,1.01993395752385,1.04695678933277,1.07916479974845,1.022049375592,0.961068699354784,0.82608850722022,1.02962102210001,1.00159367755028,0.853279452804594,1.07266677684012,0.960576544014492,0.910882974323288,1.05575150751964,1.03652001477601,0.771277026607212,0.856276302883428,0.867199463666461
0.963318668578699,0.895682727111623,0.910325019535586,1.07096522695306,0.808979862954408,1.02181754023698,0.985146096934371,0.84463415782826,0.963894796322966,0.95939835071562,0.924931905450977,0.817699868853443,0.85123185236811,0.990934580613059,0.986337862286743,0.995750368630973,0.880760436168003,0.783642226347646,0.894067121683869,0,0.91900435660913,0.825320860989385,0.967043042888475,0.896319753979614,0.876279684864512,0.9164801026138,0.757742002542937,0.977037881155158,0.968670938996491,0.785515106968001,0.81124273402586,0.87352759302663,0.880573239769698,0.972302770769853,0.990835266499903,0.957115002679668,1.11637898321818,1.04619166719648,0.887808224727208,0.971928766603808,0.886909749746848,0.979489964273286,0.860612612289775,1.01391944402862,1.01638354398799,0.971427158253497,0.987518962485069,0.805594286011694,1.03196608499707,0.957801253886091,1.1348711386919,0.956745491128204,0.889019719500814,0.982201207531923,0.985298630436261,1.03661276791746,0.976154354835297,0.793218958192059,0.968346443920768,0.900621163676397,0.802687369975935,0.94944192730051,0.919489171734166,0.992772735429103
0.95025092265704,0.830223520126055,0.967216335215223,1.08124182191541,0.918475531263525,1.05913807340859,0.960137478577892,0.783736793213984,0.974058822611266,0.884237580420096,0.862445857042572,0.814285931955927,0.972700315222267,0.961088400309265,0.928149295444848,0.979524614021323,0.800070425935639,0.769490455154406,0.815120910759066,0.91900435660913,0,0.833506802275323,0.872616639127474,0.790550608022588,0.955632543484392,0.86557169976583,0.805938790580626,0.87873479048829,0.904445161208249,0.777203847787096,0.796867441279906,0.91052453680686,0.855388691620036,1.03141012526643,0.998300855094256,0.866174095545294,1.00851919265412,0.856429587013961,1.10940608268375,0.929934012558673,0.858215320222237,1.04414691829072,0.898133746247168,0.955276282732946,1.02139651579961,0.895858269103597,0.950190088569953,0.839505639860314,0.996176988455357,1.03158677636521,1.09195367029529,0.985226627855163,0.877112037484998,0.990319690857889,0.96792472053119,1.00477971277046,1.02619685330822,0.878918105578476,0.938459379794894,0.960194796206803,0.950342789307868,0.923410868751526,0.886683906827716,0.977078958023521
0.930602689480846,0.966327526727179,0.93421027489841,1.01447003464314,0.847958136578829,1.0024285440579,1.11536533251609,0.913706379852988,0.991860170296283,0.950898521436385,0.938915260815104,0.831823734948438,0.903276432806049,0.909768483788923,0.970207638335023,1.01617433178694,0.893840357271662,0.788065594253109,0.95793020835254,0.825320860989385,0.833506802275323,0,0.925418733065808,0.875324984348371,0.888190496672035,0.964516174677048,0.82870011830998,1.01782387657769,0.983633875537124,0.831808606384456,0.836866019359263,0.919477459994152,0.887810473611111,0.953970790208979,0.991776819914982,0.959537640086322,0.999266326217118,0.88872905090841,0.980357137624599,1.15857964946391,0.929920751662909,0.953356827742443,0.89072026950843,1.03415001540683,0.963884916341675,0.918626531724667,0.97460729331921,0.815916881710734,0.977825886793702,0.941887777865222,0.953070426402551,1.14218528739105,0.987741066100793,0.99600873387241,0.931912154734288,1.00302864524476,0.987152273413913,0.816170158142227,0.983171059599218,0.892199621893231,0.856662086542585,1.01222695773089,0.942058229720867,0.992591039774988
1.0315773236877,0.755524340002275,0.996280656156683,0.8011012649431,0.927404206798723,1.07474108510111,0.786681116717895,0.890126838853249,1.09811589548507,0.9139735006911,0.735398328411614,0.886099286174718,0.984680996178997,0.984344627751006,0.807784418221686,0.919706400920954,0.771113813422714,0.880481923388488,0.752427630725768,0.967043042888475,0.872616639127474,0.925418733065808,0,0.760474164706297,0.982678495804923,0.802630790239514,0.911238333138959,0.805320390966127,0.897558094242704,0.870752100607472,0.863479949761843,1.0291236605054,0.863695616321259,1.08708018551814,0.965510874380518,0.755962525716832,1.00025762643793,0.812446249338017,0.985386815049335,0.707292409760371,0.954497693002285,1.20404856769193,0.967916632954316,0.881424140957466,1.02349785498431,0.949471101792308,0.996642523203322,0.987587149884085,1.00172080591388,1.00491093908674,1.04237230895146,0.954360782645953,0.86283897669849,1.10223081148038,1.16282148105207,0.935841933308105,1.05841669632774,0.948703275153323,0.977359535383966,1.01131324459425,0.992233354297688,0.715004778849301,0.82270020648879,0.88717662711386
1.03775437559713,0.747514037315684,1.0657939169534,0.866425021426257,0.819571960598133,1.10125051253557,0.897211891344359,0.812260135642557,1.08010914759314,0.951723831099123,0.753987918388438,0.848141292341189,1.01712053661291,1.04900310082957,0.885978158496705,0.979221261282014,0.731996750743973,0.765791327120037,0.774184904232233,0.896319753979614,0.790550608022588,0.875324984348371,0.760474164706297,0,1.14639770808132,0.870287672150358,0.891119377560083,0.81923362344551,0.877297470831705,0.792995436558687,0.814580213297659,0.960442809995388,0.794781000865433,1.10109016554662,1.07556171666223,0.795976089867333,1.04345033398622,0.77131919579284,1.04328125768528,0.808679504949643,0.844931299844067,1.09452013560158,0.912268743871794,1.00527617654215,1.11036604542033,0.950920575929022,1.00896912535512,0.940588862116955,0.998672541979296,1.05701502319488,1.08966163932895,0.992421245520499,0.835831775307156,1.07839862195313,1.05000408954221,0.952409957361182,1.14239240764618,0.977728450943455,1.14534719123343,1.04591027258691,0.959380574004969,0.780224607748274,0.852629374783734,0.915122608111087
0.855347980068395,0.999829040006947,0.820854336534653,0.967163821170158,0.933027288053562,0.871093280092759,0.980336674491481,0.977206937813086,0.831839602173758,1.03243204384556,1.00326093357361,0.965671571921112,0.808433319083542,0.888211458938208,0.975049812937371,0.884297527573017,0.950006927691907,0.925784690029701,0.975206958609393,0.876279684864512,0.955632543484392,0.888190496672035,0.982678495804923,1.14639770808132,0,1.0718860690317,0.920821333122429,0.960780810749897,0.914539576896297,0.883066640448823,0.924778317441203,0.880465877794702,0.971642175098509,0.83495132480179,0.888277576316515,1.00804740976095,0.959442604247792,1.00276265854926,0.798532092692825,1.02731306806473,0.926994005449541,0.842256014938251,0.940155792731563,1.03601934858217,0.861703995749411,0.994110367954466,0.94161133088117,0.919425863562759,0.886338993345264,0.807444591234808,0.851757442636688,0.920398507428999,0.945623689336754,0.847588140422179,0.897808755314645,0.989610453315141,0.8335888177362,0.920924096053851,1.01448509086623,0.88319187420207,0.792802659821263,0.961272127596134,0.966911041428197,0.932221296458777
0.993920272023799,0.820350117019106,1.02374821046282,0.798023476173326,0.9438599301836,1.00513188651865,0.810425862848455,0.935087134617863,1.02638135776609,0.864477232012182,0.871656037141657,0.978580202133547,0.948793399048462,1.00340400149177,0.843398943312367,0.904128604872516,0.80584322822049,0.897423120551939,0.738126119356174,0.9164801026138,0.86557169976583,0.964516174677048,0.802630790239514,0.870287672150358,1.0718860690317,0,1.08577813254524,0.72133852048045,0.753476849540341,0.875770605836891,0.890004381339905,0.967164030741984,0.943358919253512,1.02134379857486,0.912070335532558,0.851413080186819,0.867628727837453,0.910947699586206,1.03207883868385,0.791995274215828,0.915231016334524,1.01385021470066,0.991200904025545,0.797411438161784,1.01160935629803,0.918454502755079,0.9356048374015,1.03048009400906,0.947564929348458,0.994794455124241,0.981110500301148,0.887124096641002,0.845236292732827,0.974396632970092,0.976309875939378,0.795752388805965,1.03237305636306,1.00200401256971,0.922252748416676,1.10627878292382,1.00743171338068,0.792373408284241,0.851229396653768,0.824428318836871
0.981981902783399,0.93096895229251,0.876817092075038,1.01363584158008,0.792545479031635,1.03239053628364,0.992352721065582,0.80978094864605,0.968054084944164,1.06044617344321,0.960200712274972,0.812475722743849,0.828944836854048,0.985086092963985,0.962671222876916,1.00778420083092,0.848835422054813,0.752173721070906,0.904418768287998,0.757742002542937,0.805938790580626,0.82870011830998,0.911238333138959,0.891119377560083,0.920821333122429,1.08577813254524,0,0.993216135036525,0.98044398405763,0.745374843529212,0.753005586657026,0.864346771523997,0.866562206892463,1.0067621645736,1.03406868510674,0.916183841863286,1.07299747764353,0.895737810109301,0.858678768813929,1.02542433485478,0.882511944746818,1.01999169718251,0.859865353752489,1.0829362245824,1.05588162317562,0.953931551158556,1.07160545926757,0.817999401845571,1.04909149868459,0.905009302225886,1.03820777736372,1.03346449450147,0.87361990399253,0.97875783385635,0.967405752617964,1.06818231293928,0.973240227102505,0.799041692947382,1.06107307703583,1.0286862472634,0.793479167315648,0.978014738630968,0.925485247310194,0.983293170790624
0.971008230656584,0.810601566839485,1.02733129161465,0.774549033648779,0.963781040355057,0.998328768357558,0.767697917821481,0.954251485320344,1.05158023851563,0.831739806864111,0.868248505397804,1.06989822512012,1.03548138143429,0.9566657889839,0.817463616688166,0.931491103083011,0.81498692233521,0.942355331420335,0.751560950070187,0.977037881155158,0.87873479048829,1.01782387657769,0.805320390966127,0.81923362344551,0.960780810749897,0.72133852048045,0.993216135036525,0,0.84508499893807,0.972682056706285,0.926329392879085,0.999207789293344,0.963524186133389,1.02882040740988,0.897542734990915,0.844820829242839,0.829772774449593,0.922389180716035,1.0483938063024,0.744164217621902,0.914659641611795,1.00927538871688,1.02146610504003,0.748237612748055,1.1147352731982,0.9081384657723,0.897785247775006,1.06462628284907,0.941106064209124,1.05296255275608,0.974036740949625,0.882412339093872,0.859332310744165,0.983497015211467,0.97900902885371,0.764622586697894,1.02967083892142,0.986284357104242,0.843735057382196,1.05963396800197,1.21436916119218,0.768546290578254,0.817683852472866,0.84218902623184
0.938090883272152,0.885180967592806,0.989883669259906,0.826399477396434,0.987648207126081,0.925344358806915,0.81657045903986,0.989013796136594,0.94497951362603,0.756927341018184,0.940576186644006,1.03602492475617,1.04112434678971,0.968162328722521,0.881073993354594,0.904912122648904,0.860112103144848,0.985247533745234,0.81199024478961,0.968670938996491,0.904445161208249,0.983633875537124,0.897558094242704,0.877297470831705,0.914539576896297,0.753476849540341,0.98044398405763,0.84508499893807,0,1.09267315687455,0.991675196573048,0.89655961899124,1.00180682084719,0.956671444343923,0.824807327808848,0.926385249238661,0.748339974130132,0.983725812307892,1.02614724925847,0.835559662301127,0.95444465500348,0.944697230701966,1.0133115840604,0.74011383032257,0.955978894195363,0.923596869337966,0.801773856838941,1.05786193424184,0.891719072411466,0.99418271631847,0.889914025325611,0.825738106165307,0.910191776988561,0.920129844040348,0.927850692246966,0.753162091319947,1.00684299201829,0.994519464841827,0.769438302253846,1.0000731394551,1.16404371105307,0.849789409055886,0.879228303338673,0.83204679714318
1.00488534913998,0.881934008982366,0.95484158594093,0.989713733181539,0.770557358510867,1.03689449867643,0.947544231498856,0.826983569083777,0.989812870254781,0.93109813305186,0.885319290390583,0.799581769124243,1.03037229283429,1.04021372949731,0.942124244095955,0.989406011751138,0.824404616619382,0.737667569023079,0.850434553860682,0.785515106968001,0.777203847787096,0.831808606384456,0.870752100607472,0.792995436558687,0.883066640448823,0.875770605836891,0.745374843529212,0.972682056706285,1.09267315687455,0,0.763422216221206,0.882164476727858,0.893976708388521,1.02306653088066,1.00251923690625,0.879621680345563,1.02879625596346,0.861487705943218,0.929686945653595,0.951650138806998,0.882627480954948,1.02195342423911,0.865941029551955,1.02197901281678,1.1052690746291,1.027285446929,1.01560765925458,0.821808980495841,1.04042097978507,0.980322111251821,1.07322849527013,1.01519312417319,0.883473716923663,1.03246931839536,0.991897427440322,1.00903725372704,1.04188432853367,0.777672061007081,0.979908861251318,0.96220560164246,0.926555039990041,0.958870022666416,0.916323452017038,0.958843615954206
1.02452737641552,0.853522942799324,0.93397894295406,0.963031460196564,0.803494185737328,1.07656870251553,0.93341002894433,0.806983082486198,1.03479716485088,0.950372956857075,0.847500511550006,0.767485216742724,0.943382470856719,1.13897675596728,0.932135317440432,0.989678221515984,0.830200591312111,0.760208654417104,0.846303533400847,0.81124273402586,0.796867441279906,0.836866019359263,0.863479949761843,0.814580213297659,0.924778317441203,0.890004381339905,0.753005586657026,0.926329392879085,0.991675196573048,0.763422216221206,0,0.931918316059013,0.812061540390462,1.05276696033774,1.05208071110289,0.857388802093979,1.05174406012411,0.838399966101069,0.929499509172864,0.925305771069046,0.85163883845112,1.06267351166274,0.884708366699238,1.01641286449794,1.06728824300603,1.05714269530345,1.11574946997669,0.837769250321757,1.04473856159612,0.976069890212098,1.06477180443133,1.02359330164863,0.846456657522346,1.03393354278403,1.00989765065275,1.00611071212748,1.02947576003796,0.807588830755634,1.02462246424376,0.947959886097084,0.843512578279772,1.04771900404251,0.944621557216691,0.951470544044543
0.89176357021278,0.993109562333293,0.923244642977025,1.00831241306977,0.867849441098842,0.823522193823887,1.03681589862258,0.912116761126461,0.874730812718122,0.905962986812259,1.01129433570474,0.861926763293761,0.889881831403796,0.905330418391565,1.10425101166719,1.03003478274448,0.96785885862223,0.894648768959298,0.96798750225666,0.87352759302663,0.91052453680686,0.919477459994152,1.0291236605054,0.960442809995388,0.880465877794702,0.967164030741984,0.864346771523997,0.999207789293344,0.89655961899124,0.882164476727858,0.931918316059013,0,0.988478517061229,0.851868821368081,0.833675862806933,0.973335129002364,0.899861645526762,0.986083906288693,0.885760085605025,1.05236658252849,0.94891419045274,0.901584855972756,0.937419271049275,0.976267285527435,0.83736445808645,0.897527611849065,0.980676427409058,1.00025749987633,0.911098111199632,0.915662008463944,0.846399025952159,0.912325104090135,0.94983462109329,0.871690291734804,0.839854190334951,1.02155189928912,0.895294889357441,0.847839348895988,0.880004978698597,0.852978122875372,0.852375943031752,1.07980471527252,1.12188024467785,1.04910973227266
1.00627796172307,0.827876205860509,0.952272995255898,0.946487650738399,0.859886511781577,1.04377710365309,0.98885286319605,0.817748325803237,1.01243091409127,0.988160926881401,0.828632236772845,0.871183901923509,1.00224807258764,0.962673835373681,0.865293956480685,0.928832536702729,0.882504457011894,0.870254544577432,0.893968389199825,0.880573239769698,0.855388691620036,0.887810473611111,0.863695616321259,0.794781000865433,0.971642175098509,0.943358919253512,0.866562206892463,0.963524186133389,1.00180682084719,0.893976708388521,0.812061540390462,0.988478517061229,0,1.23503740774924,1.10262807435821,0.775518818640063,1.03131722983644,0.801053915624514,0.921605599445601,0.86502955712523,0.864500792134198,0.992240260765574,0.93368066266732,1.02487653832067,1.00217670590111,0.922437256821902,1.03038430474551,0.891647356386318,0.99865610363369,0.959261793587305,1.08260328007316,1.0324302488581,0.871896674366148,0.985670348063121,1.01668958637827,1.05477934113428,1.06634437727835,0.898505496684166,1.07065887775439,0.94652273792134,0.969671513415086,0.8870572476602,0.901387118382997,1.01294660192678
0.783523611795136,1.10412158157828,0.843889354650837,1.01001394952825,1.03214440012981,0.728359389415487,1.04085100350933,1.05469908832703,0.732038306155313,0.999488096280151,1.0772578273872,1.04353430338035,0.86867768160089,0.796783275367793,1.02628514062781,0.920464164001635,1.25213622367027,1.09009527095868,1.11228132708119,0.972302770769853,1.03141012526643,0.953970790208979,1.08708018551814,1.10109016554662,0.83495132480179,1.02134379857486,1.0067621645736,1.02882040740988,0.956671444343923,1.02306653088066,1.05276696033774,0.851868821368081,1.23503740774924,0,0.857093152040199,1.04329828323435,0.820655557444417,1.02859673192759,0.849909822483731,1.03798364827129,0.975721020751314,0.724225746540126,0.973336251020473,0.921579134011244,0.700101053191001,0.934701067616297,0.841287631452865,0.885758423444092,0.769316468347534,0.774620332370045,0.744136241659271,0.825535105984005,1.04004483139314,0.777750373740821,0.807395043567206,1.00296202444081,0.750816269616,0.971668432330408,0.871822501209206,0.80682201660883,0.886014859347226,1.07889666896141,1.00288624199723,0.979232572841459
0.870146936102017,1.0468422957362,0.938946774117438,0.905426012686024,1.03791819766562,0.774342311181855,0.910458407439114,1.06405737597959,0.780744794346055,0.852138986498171,1.01667958107274,1.02086663971663,0.933564319870735,0.851265664245648,0.997753207803057,0.928876909968191,1.15052250848318,1.16999426967589,1.04197195864685,0.990835266499903,0.998300855094256,0.991776819914982,0.965510874380518,1.07556171666223,0.888277576316515,0.912070335532558,1.03406868510674,0.897542734990915,0.824807327808848,1.00251923690625,1.05208071110289,0.833675862806933,1.10262807435821,0.857093152040199,0,1.01878928128455,0.731169515565038,1.00623339794564,0.94764712640888,0.964461685615435,0.978563004891934,0.821661778692295,0.95856409498974,0.821790482964702,0.774126264689961,0.900052412436628,0.75357876627057,0.981683746835844,0.795219602860327,0.905826907372362,0.745970925755509,0.804025120853632,0.987077698103455,0.850826239208092,0.797961235911391,0.842606390625031,0.834945381182596,0.992452532178716,0.813831695741246,0.932398940543711,0.976297630759926,0.985520569333233,0.957994246070554,0.896480815419312
