0,1.02698338752767,0.933646433891937,0.835177272745883,0.865676689165038,0.761483576715216,0.869984312162493,0.883741941659659,0.720293877967627,0.875865264149556,0.864909231387955,0.881467530504739,0.836704874769051,0.796389155259766,0.87173448993183,0.808147925501709,0.946187904026877,0.951665675426993,1.03811841796986,0.901274162871191,0.857527248058079,0.870884309950332,0.922446423319841,0.919261258068337,0.818928873657907,0.915038100137465,0.912196112464932,0.876183206815529,0.86393488686849,0.898425036080615,0.927960443215255,0.852224916628099,0.944935828024765,0.814884493952509,0.841249017920853,0.927846948695778,0.877163099982099,0.881126988135086,0.874582154839236,0.930524271297225,0.867718059692108,0.818448132250322,0.934481925470796,0.901346449477458,0.768888656369311,0.882777009023144,0.839012743188232,0.864283901274739,0.841849170211566,0.834667915979267,0.744900326392856,0.798801034707573,0.886073928585155,0.791748069798843,0.79978153439796,0.952580129205676,0.790153268030165,0.887493010978697,0.823062102421951,0.797830332851773,0.882884449424218,0.901995940406755,0.889010008349212,0.86800640050442
1.02698338752767,0,1.012161805311,0.753152461023663,0.781474157569098,0.958806750626168,0.76107279153424,0.751183700284691,0.924940357723223,0.814556125013842,0.70811559062117,0.789342074943787,0.891020963166141,0.889597877864836,0.780637201204236,0.833566442898617,0.768605494290265,0.858391909391843,0.840624259538551,0.860125022435104,0.793490910255222,0.886361274916516,0.775401620675525,0.76639072726535,0.907278313325128,0.823163355319278,0.861920689604991,0.809052025801766,0.863302951223532,0.825917155290026,0.821732909380826,0.909714075506061,0.841158398530393,0.996727832094225,0.943499760267121,0.821935105600351,0.925836560276561,0.806062764517888,0.882840548601381,0.76265110393797,0.811521377096592,0.977210859602284,0.93751888440962,0.86918725190215,0.947997124332825,0.850073963910389,0.961325268748796,0.900769044643419,1.02599691932996,0.956908905690021,0.92717465058844,0.92906210896075,0.771613198608874,0.92027486647303,0.902604377465544,0.872160870577324,0.971316661493243,0.857097091455223,0.923766511828078,0.909213416135784,0.911371092579313,0.763899412727499,0.813424515069469,0.823325151933188
0.933646433891937,1.012161805311,0,0.889286445310523,0.823885468648371,0.864597474488303,0.869823283471177,0.904481305220652,0.795569434089004,0.894467122978613,0.855205727723929,0.811224765680383,0.738186915632487,0.867018484458206,0.918109088673323,0.831721471097646,0.955996502977609,0.908933428687252,1.01441754447368,0.886794655279819,0.915716963955448,0.896846005954656,0.906640054093909,0.970804746521534,0.785808039787059,0.94139639886397,0.847872969501474,0.954540174293615,0.927906540592632,0.899553566387431,0.886326005675809,0.864897525983477,0.903330264025826,0.83587039536762,0.912872457842456,1.00558559973696,1.00507783486373,0.946051628800814,0.684288349365025,0.940683068178641,0.869291028573022,0.83671305610283,0.888874357837821,0.968620248441179,0.887576231735192,0.975761533400616,0.93034020434989,0.870492864059266,1.03233426288601,0.82830284073172,0.832534214427769,0.90451361817715,0.855162499077093,0.865221585306647,0.850535820581391,0.970818689922571,0.824393058093874,0.837996114354318,0.925221634292803,0.83609109454762,0.781659711938505,0.862953926360481,0.883929680128762,0.869590879723441
0.835177272745883,0.753152461023663,0.889286445310523,0,0.971903634041279,0.92410219209011,0.788251337840812,0.861064903605138,0.857774389451251,0.805184199685211,0.746251950175655,0.881063213656794,0.923144582010505,0.885900491387146,0.772532056984606,0.810686885070399,0.808360897990794,0.84731736791466,0.743453865072296,1.01235666363888,0.986022709440234,0.903436550113615,0.797398281434691,0.820942581774885,0.875543909799272,0.789340288695541,0.925551869862222,0.769699797708863,0.798360930229996,0.880789974343378,0.897150281085636,0.932729861671612,0.91125602000952,0.953741144796284,0.863123705628454,0.795307690483098,0.882684790499286,0.895056816869862,0.914356314136923,0.738725702354824,0.83096842513869,0.904757815031097,0.947811596878914,0.798868238715224,0.869710729430593,0.824685735100804,0.864717467368297,0.96570321610578,0.828103729802697,0.916892442039236,1.01112438775588,0.815993713616889,0.791069931630618,0.876329956894111,0.895293306481195,0.84449551290768,0.928971798495238,0.940741006550824,0.853055662199747,0.875384375048165,0.951325752318477,0.753848245334941,0.788751645957816,0.803334956235868
0.865676689165038,0.781474157569098,0.823885468648371,0.971903634041279,0,0.982723574502473,0.921201526815926,0.757969943892566,0.875035321575995,0.852521868551482,0.809779485968004,0.731099943672076,0.824247182987698,0.923982201268065,0.863261024872023,0.888148555637429,0.832315289843289,0.774924824121987,0.823464780872568,0.808490158323931,0.903226895101001,0.817503335295274,0.876010455064894,0.814785971897832,0.846976393003634,0.884380320818491,0.770391834859479,0.890269789094446,0.888383330419429,0.757010897485682,0.784086571626175,0.785362713840012,0.833054111575482,0.971413939573283,0.92686465660158,0.826746380110457,0.933497581716829,0.856230773658653,0.976029054282819,0.892023076974205,0.797951967004895,0.959238636379483,0.855065597293928,0.931865516802518,0.921432226938497,0.853977188380279,0.934116724367079,0.776670490575625,0.930237757823701,0.896708231870271,0.972046239092947,0.931449265345721,0.801853612614175,0.882292289179568,0.880692317859262,0.982207093746493,0.945733661813038,0.763306023963083,0.907352549323156,0.869698469245528,0.801975589887117,0.90781625922379,0.864440602957671,0.887078898467668
0.761483576715216,0.958806750626168,0.864597474488303,0.92410219209011,0.982723574502473,0,1.05623346230194,0.937501416154071,0.715684000647896,0.874885856663939,0.916551848864906,0.890074808419113,0.891296103349901,0.783663504219736,0.898290579398005,0.845577513558634,0.968793906240214,0.958913032938178,0.94334779518505,0.969855305826994,0.968368598164614,0.940397433649916,0.946507219437824,0.967557417230721,0.873521702051111,0.938550511959801,0.953133049834602,0.924042503172849,0.893997299548343,0.965361207602438,0.974279626596207,0.825005432295749,0.94863271553107,0.806377543280184,0.81453155897588,0.95478679081158,0.830213349691274,0.906176975398143,1.05311032404559,1.03467696883636,0.91077210355803,0.808410275213688,0.938299431179466,0.911153560481996,0.740779190026356,0.86562603709571,0.804784038711387,0.895417569054433,0.755048596551702,0.832277469900453,0.786633191884796,0.816654663047202,0.958469622022424,0.815744111379085,0.794259269855306,0.955156856428544,0.834494394731696,0.949288565896186,0.829027891914262,0.836500344792342,0.926467722625014,0.9779078693547,0.939932045763848,0.918157525579389
0.869984312162493,0.76107279153424,0.869823283471177,0.788251337840812,0.921201526815926,1.05623346230194,0,0.895604884950503,0.909260124432829,0.787092767659241,0.780506929070521,0.853345328675842,0.889525073564226,0.916106777961948,0.772353093165315,0.8393785959019,0.838602961980436,0.909185951487003,0.803326130708503,0.920486752279165,0.904111488431993,1.03451579418139,0.785890528632272,0.85859343437276,0.90596110823687,0.817876405380618,0.902905654041109,0.798621497757802,0.795808845471896,0.877453689501273,0.886182121884928,0.951613851169522,0.957042293881207,0.954848064869056,0.862584265707303,0.823196449198378,0.83467130036071,0.867857481051939,0.917655036321633,0.892389077325502,0.837547434862159,0.910265350184763,0.913626124591423,0.784208425997399,0.920575072401851,0.87870961149812,0.908262550363331,0.962628270922725,0.904192466406105,0.8998860255014,0.93381256821362,0.916434493261349,0.841652191406443,0.922938383032923,0.896071832730446,0.792710292871852,0.941318062702872,0.894879598216762,0.882477208484658,0.963865093495007,0.941267858495217,0.759008103932172,0.837564669437826,0.788960260596509
0.883741941659659,0.751183700284691,0.904481305220652,0.861064903605138,0.757969943892566,0.937501416154071,0.895604884950503,0,1.00481480367868,0.858482121193981,0.76611967809402,0.743710792183147,0.882424065094605,0.89526052133419,0.865041762892584,0.890886731327784,0.805730647058107,0.768157652230411,0.827602941731816,0.841115148523082,0.763132952956966,0.888365711427285,0.854615291727962,0.795356548882287,0.895928981649737,0.870452586046471,0.771377125702812,0.880354605931666,0.888208080705475,0.793137567522036,0.782234208520432,0.858450877325604,0.802164776951819,0.978865398588331,0.961183799890615,0.824734155070462,0.932710588273276,0.778324337340081,0.894822745356122,0.906572082643749,0.873527829417858,0.975424425648004,0.8779860307688,0.944024595908224,0.961994966105776,0.85737842563112,0.932346016074578,0.803474951824871,0.899002710815933,0.902798592923363,0.896213972471983,1.01270366164435,0.875482094385812,0.983524990504178,0.908416179596481,0.958320697080908,0.955996765570965,0.815651136811222,0.91571027298917,0.867544525314157,0.848543095132274,0.865545621806206,0.818366264710875,0.877471119427408
0.720293877967627,0.924940357723223,0.795569434089004,0.857774389451251,0.875035321575995,0.715684000647896,0.909260124432829,1.00481480367868,0,0.862446151030222,0.864989857773005,0.87148126238147,0.844518705728914,0.725595950607939,0.895973179941633,0.812952733099971,0.921095623408896,0.896276895736481,0.911077444245782,0.910035931914207,0.875946941438619,0.916218643026248,0.966553874668373,0.939512808651016,0.797048959367576,0.916509491185438,0.895147599058668,0.914152400795889,0.878268464869914,0.908048395200422,0.939268388236534,0.852570213866327,0.934763275582132,0.760795167764984,0.769267573525158,0.900753573015195,0.845963477482055,0.877130968393811,0.807720942528946,0.941252221069607,0.938392625519281,0.81462738815907,0.959680143480144,0.90540738812295,0.724962197431122,0.847543324915727,0.824199881818089,0.861192894472302,0.77144145711593,0.795285917881798,0.686589275164055,0.847593673116226,0.986765114933519,0.847871460595182,0.78940392940733,0.928924061446857,0.768341556608296,0.866274340420142,0.826161629846731,0.725855551781303,0.846910842213502,0.911932151859156,0.847962137612446,0.832795178950365
0.875865264149556,0.814556125013842,0.894467122978613,0.805184199685211,0.852521868551482,0.874885856663939,0.787092767659241,0.858482121193981,0.862446151030222,0,0.952081923263484,0.90160206879318,0.876044960000037,0.90869617927802,0.852114619109514,0.880463751564433,0.857689786402725,0.88432310227445,0.790619544563479,0.89004824177423,0.831497552086884,0.859886011133395,0.849481624698918,0.864096802006283,0.944216572999585,0.821512674198591,0.965887397564464,0.801300713061343,0.741613971806994,0.848901311027306,0.864068585609672,0.830489488767938,0.927067822444639,0.962787481110734,0.822312201934393,0.862236571830068,0.762959118373487,0.889013462597995,0.915532419489005,0.836236042850122,0.886435119975929,0.965173758029398,0.906398492203579,0.750409074952807,0.957247661445165,0.864314292357663,0.806717039517307,0.923278171822364,0.860737334901302,0.926628005318118,0.852406851345271,0.80209282783584,0.836871407769246,0.913288568501186,0.859061002838205,0.80302952096566,0.952992849569639,0.884354163648207,0.804990107524915,1.09930315667754,0.940751104234942,0.815091632171642,0.844196246706685,0.770046029771102
0.864909231387955,0.70811559062117,0.855205727723929,0.746251950175655,0.809779485968004,0.916551848864906,0.780506929070521,0.76611967809402,0.864989857773005,0.952081923263484,0,0.927796628326357,0.887594449854167,0.829815925725752,0.760367487190828,0.808660843987114,0.759009760868223,0.831122077293996,0.751266012177579,0.90029998457586,0.809921565736984,0.88438008649708,0.753990698155615,0.764881333212377,0.912684266587341,0.846513181885815,0.915898937389004,0.863858039139092,0.884269146664263,0.828385209148879,0.813895697582118,0.924448044418031,0.845665253537633,0.981219853179266,0.903357644890299,0.762886858099886,0.922332128743415,0.789915277624195,0.87898636588359,0.739243691574434,0.814016202910296,0.969738067357973,0.920397662184954,0.858909569523991,0.982153528386055,0.859521556040284,0.924075781891515,0.910954401093511,0.895328341314743,0.89698782140133,0.902333248680696,0.890327913639407,0.786460546213807,0.913695804053105,0.904915360630608,0.891279220283655,0.929288452162037,0.877863079461396,0.924326900739448,0.960533062709244,0.948308841338763,0.75376186275176,0.790991466562572,0.845329286265185
0.881467530504739,0.789342074943787,0.811224765680383,0.881063213656794,0.731099943672076,0.890074808419113,0.853345328675842,0.743710792183147,0.87148126238147,0.90160206879318,0.927796628326357,0,0.861769776582944,0.862455790503408,0.873711849126869,0.907751649114326,0.828576142457598,0.756831450481987,0.82137251674868,0.811850662381139,0.766826761452562,0.78759929114117,0.82153110834659,0.816369816371492,0.857836449984534,0.890593389186694,0.782017890050123,0.963945328242813,0.915028004605305,0.781990746213149,0.75569884642414,0.794283117868686,0.831675281121751,0.96022297945216,0.919563728965755,0.830907071974745,0.924487331362948,0.825538808117033,0.853598594143352,0.874192499283693,0.812968398309768,0.965441932135131,0.844810608426352,0.928992549753966,1.06092416576729,0.862382004663745,0.903294838267504,0.794929222203519,0.906286235740304,0.906183249136085,0.900753650832801,0.902179944934661,0.815235886887455,0.927854403720098,0.874036667429218,0.989312261136636,0.954755931093573,0.792453177293539,0.907104120591195,0.917762370586094,0.878377374775425,0.893450507479817,0.843803041188553,0.898025268141041
0.836704874769051,0.891020963166141,0.738186915632487,0.923144582010505,0.824247182987698,0.891296103349901,0.889525073564226,0.882424065094605,0.844518705728914,0.876044960000037,0.887594449854167,0.861769776582944,0,0.943990468793105,0.909626946968613,0.845983900234448,0.917181757271207,0.851799830694582,0.935541328890299,0.830206843135985,0.898206249922556,0.86274872996912,0.918376457832549,0.939686198867101,0.781708931597843,0.889401963910806,0.788961309375714,0.947027969829615,0.984034644052968,0.998662521190797,0.899286521866177,0.831685931676975,0.948730224743054,0.849137453981612,0.900752817401278,0.897635193591016,0.929880282560327,0.934775308362671,0.709750173508557,0.901012279532805,0.838228028857004,0.854055195092992,0.877069185014953,0.956590445544499,0.901245675306438,1.07631852418639,0.936711785104632,0.852041803724862,0.881818758626972,0.814357278871729,0.884605389869453,0.916498276996026,0.833435671984809,0.856199935885474,0.873393627555464,0.949611119328768,0.861129861111917,0.84182110740642,0.932638735764927,0.808573511735238,0.834871332786866,0.963450149326605,0.8932116231155,0.821090925842828
0.796389155259766,0.889597877864836,0.867018484458206,0.885900491387146,0.923982201268065,0.783663504219736,0.916106777961948,0.89526052133419,0.725595950607939,0.90869617927802,0.829815925725752,0.862455790503408,0.943990468793105,0,0.934894495983352,0.817124029282066,0.950376254717681,0.913151065527147,0.910801081272492,0.9472884136403,0.899723638348852,0.866069899625487,0.904341973336766,0.974362750052298,0.85173452944004,0.947757604650252,0.913322433777478,0.906454174656443,0.917403545747425,0.959934071909277,1.08265141256746,0.891443895662285,0.91248079357283,0.806494291680868,0.837226327943022,0.898489471885696,0.936709439353794,0.879626864445571,0.832306766083349,0.905317703440801,0.89817050809086,0.831145475267369,0.913264187411285,0.915625470025053,0.743685162798027,0.960645087638034,1.02892794743687,0.915836156821968,0.802497387865764,0.794841078866583,0.76882244301203,0.802846963313501,0.915376556383937,0.846016440956608,0.83144583893834,0.966531217292913,0.795863723732139,0.935482374780577,0.928588226245642,0.799268904738199,0.892670765033277,0.978617161063075,0.959954843450543,0.872482566905119
0.87173448993183,0.780637201204236,0.918109088673323,0.772532056984606,0.863261024872023,0.898290579398005,0.772353093165315,0.865041762892584,0.895973179941633,0.852114619109514,0.760367487190828,0.873711849126869,0.909626946968613,0.934894495983352,0,0.979227237612345,0.860874295715771,0.878527064102709,0.801170728755192,0.944471894098653,0.862850351732615,0.891840454848245,0.798950725124219,0.840639978818274,0.899561153047143,0.811048879454166,0.907157419910933,0.811997546897688,0.826384066694409,0.880921722404615,0.888088077311546,1.01172756209735,0.86009658018578,0.946750013662452,0.918672836724851,0.812739321793482,0.892282914163712,0.849193935062154,0.903492615048635,0.774481862062609,0.857135473518318,0.90808616057975,0.905856805550419,0.8489811872052,0.921973316848021,0.877254681294487,0.883844324293071,1.08023009455565,0.822819979236646,0.888533875146015,0.901845100405406,0.820900041651764,0.835850182647061,0.922571504665907,0.912431707965211,0.887380139380163,0.924354688597357,0.937786248821672,0.862932749581894,0.917743670922928,0.932642311246306,0.735289144758867,0.855286278145365,1.0612403365326
0.808147925501709,0.833566442898617,0.831721471097646,0.810686885070399,0.888148555637429,0.845577513558634,0.8393785959019,0.890886731327784,0.812952733099971,0.880463751564433,0.808660843987114,0.907751649114326,0.845983900234448,0.817124029282066,0.979227237612345,0,0.901035840464144,0.88628143654471,0.885469765059614,0.944702878089439,0.914234982849867,0.944591507170579,0.873067305085976,0.911643431239406,0.827103194407512,0.881027131953985,0.908562576815806,0.90635788263015,0.88213106491243,0.904776489479245,0.907312765914587,0.952728716629664,0.883857387021065,0.878870377019306,0.896961261195465,0.85684690607104,0.891837540285246,0.892412354167896,0.824651413023969,0.803682706496131,0.876735235178546,0.850888954616258,0.960514272503461,0.886838681800824,0.865044800670162,0.842148250680384,0.880636744559818,1.02445210856517,0.824701205277433,0.85945904072401,0.834006886769544,0.841419735683577,0.863621738196457,0.879656896846297,0.849345937759137,0.899221849740308,0.863072808899599,0.907998847567797,0.871818387924548,0.816048946658795,0.895582388264156,0.811185142474672,0.890536807211795,1.08402306233043
0.946187904026877,0.768605494290265,0.955996502977609,0.808360897990794,0.832315289843289,0.968793906240214,0.838602961980436,0.805730647058107,0.921095623408896,0.857689786402725,0.759009760868223,0.828576142457598,0.917181757271207,0.950376254717681,0.860874295715771,0.901035840464144,0,0.820692427979076,0.769389612854557,0.879532528007177,0.782635420427281,0.844928764576583,0.784880010838584,0.737840827335758,0.862212129186408,0.768889964400424,0.803158155674762,0.787108006346251,0.814227095297885,0.788551459025023,0.809058814308578,0.893203668122789,0.896512559390663,1.14445499398152,1.07678815127099,0.737173560370636,0.890903078138534,0.730912434416738,0.925058517365898,0.769637284207682,0.785217548088763,0.962741507789512,0.879861214456002,0.839039262667422,0.947803193140541,0.820744575053305,0.877007156191431,0.838248136457999,0.910132727221665,0.945387354621122,0.958147025545781,0.887139020014685,0.794323834021709,0.968734068654007,0.923629391806861,0.901144679553182,0.964432642613012,0.873180931370674,0.891693946780649,0.903564745653876,0.918885075548701,0.797039062117444,0.788729997834561,0.888235445588131
0.951665675426993,0.858391909391843,0.908933428687252,0.84731736791466,0.774924824121987,0.958913032938178,0.909185951487003,0.768157652230411,0.896276895736481,0.88432310227445,0.831122077293996,0.756831450481987,0.851799830694582,0.913151065527147,0.878527064102709,0.88628143654471,0.820692427979076,0,0.89729291355106,0.762462321505376,0.728724632107096,0.760363439440942,0.846525004436783,0.752075309823589,0.813860821750788,0.826109200588403,0.731970557960254,0.862652542345027,0.855085740713114,0.727772163169618,0.752630979674962,0.822567272968065,0.862767268338535,0.986923308861182,1.03604267160379,0.83379949939706,0.918349863205288,0.772524158552146,0.892608404128048,0.867062579530121,0.794303773398591,0.938665100427334,0.831310963193973,0.901234473613021,0.931706437931436,0.821892564408957,0.923202773780832,0.770855674567325,0.95852696431773,0.918168597566911,0.898071700454438,0.914479402361403,0.809124036251246,0.897682015559136,0.888779572433861,0.983752264215902,0.939989858657679,0.787618201914538,0.883087968503153,0.876975197675242,0.785577140624978,0.869907499676021,0.844381963270679,0.915460560612354
1.03811841796986,0.840624259538551,1.01441754447368,0.743453865072296,0.823464780872568,0.94334779518505,0.803326130708503,0.827602941731816,0.911077444245782,0.790619544563479,0.751266012177579,0.82137251674868,0.935541328890299,0.910801081272492,0.801170728755192,0.885469765059614,0.769389612854557,0.89729291355106,0,0.856922903820558,0.754329753422124,0.858900396274661,0.742884793832189,0.748640022060662,0.875692473125598,0.71142977791842,0.824372951247396,0.741378008988966,0.765062961869451,0.787228024825274,0.794593804227247,0.899635334264994,0.853623583592716,1.007526482614,0.94613034301876,0.797183580811245,0.86571570895324,0.765641124165164,0.972872826296938,0.80134065051185,0.780254936987439,0.945720650053066,0.904503805653468,0.791879790372164,0.956942872360046,0.813126033579005,0.874390543812509,0.913750350031688,0.935922429249808,0.971427833877639,0.90367750372775,0.880241065588591,0.803594827190591,0.927732744841905,0.914213210390186,0.858983216240831,0.980607940059728,0.884055508010544,0.822954790432034,0.953742815594493,0.940063476370434,0.775030873960488,0.804362228826597,0.835047499307899
0.901274162871191,0.860125022435104,0.886794655279819,1.01235666363888,0.808490158323931,0.969855305826994,0.920486752279165,0.841115148523082,0.910035931914207,0.89004824177423,0.90029998457586,0.811850662381139,0.830206843135985,0.9472884136403,0.944471894098653,0.944702878089439,0.879532528007177,0.762462321505376,0.856922903820558,0,0.887472364435912,0.807283655179235,0.923233544900131,0.879651214483142,0.810194349298836,0.856100627998288,0.771965621212043,0.910818774283526,0.884473256274987,0.784334077471177,0.804830628578546,0.821534225539351,0.860087937590681,0.919212317347346,0.922287556342586,0.91955274556679,1.036912025183,1.00961470181791,0.854748242928075,0.911453139670697,0.866320457397093,0.907999024532639,0.836051872612342,0.920548255710324,0.954002168363749,0.891394304687936,0.917432820167844,0.795451378792943,0.940821038225114,0.937944076549982,1.06092580456057,0.882792076661652,0.852763600864446,0.893846985895617,0.930108118154631,0.982892287264272,0.939964844689291,0.783271349806948,0.889195243000307,0.862434150292251,0.771232360543543,0.890253458180759,0.884063807576083,0.917870451062364
0.857527248058079,0.793490910255222,0.915716963955448,0.986022709440234,0.903226895101001,0.968368598164614,0.904111488431993,0.763132952956966,0.875946941438619,0.831497552086884,0.809921565736984,0.766826761452562,0.898206249922556,0.899723638348852,0.862850351732615,0.914234982849867,0.782635420427281,0.728724632107096,0.754329753422124,0.887472364435912,0,0.79056740374551,0.830895570039406,0.749811799695716,0.855285285430012,0.785393124039151,0.761341923074508,0.810959664231314,0.809251561314436,0.740810492077122,0.76809658560643,0.847457244560602,0.838016076956336,0.952236189669303,0.896731360392489,0.816162375012265,0.911868576764205,0.817967539608523,1.01661450590406,0.876038320346757,0.79265014256714,0.963655116463962,0.85770311534063,0.874900859203191,0.927105385361677,0.815760592694195,0.870027125985504,0.7897835412031,0.881250131717159,0.946590242457329,0.968871030105385,0.876530571332203,0.810873431050517,0.902662592932519,0.86434698953247,0.947525458118657,0.954829325877623,0.831751655975875,0.844817527243913,0.894165862615147,0.880869055926218,0.848011390361689,0.831287216753754,0.891466591494283
0.870884309950332,0.886361274916516,0.896846005954656,0.903436550113615,0.817503335295274,0.940397433649916,1.03451579418139,0.888365711427285,0.916218643026248,0.859886011133395,0.88438008649708,0.78759929114117,0.86274872996912,0.866069899625487,0.891840454848245,0.944591507170579,0.844928764576583,0.760363439440942,0.858900396274661,0.807283655179235,0.79056740374551,0,0.854519967569992,0.799577778989164,0.835216110934904,0.871632525708658,0.795151231141637,0.924096988698199,0.881947944579553,0.802548798045669,0.794357838606256,0.850681260757387,0.850232334063687,0.90349076845796,0.905389770696151,0.871841587122596,0.896329497521605,0.832883447641906,0.914179603647111,1.08455827499384,0.877956044908213,0.883133684742185,0.863533327925127,0.920766898121747,0.882351118858652,0.824476267671746,0.907652801028664,0.823888634691782,0.878593797140847,0.906358998617816,0.86813660602022,1.03061731589813,0.911737719884252,0.908179793549398,0.85157236479235,0.945465908745113,0.933450709252439,0.800021291976894,0.887843135280466,0.84963865732562,0.818596352408075,0.933980187513788,0.861165891435945,0.909949730403578
0.922446423319841,0.775401620675525,0.906640054093909,0.797398281434691,0.876010455064894,0.946507219437824,0.785890528632272,0.854615291727962,0.966553874668373,0.849481624698918,0.753990698155615,0.82153110834659,0.918376457832549,0.904341973336766,0.798950725124219,0.873067305085976,0.784880010838584,0.846525004436783,0.742884793832189,0.923233544900131,0.830895570039406,0.854519967569992,0,0.749219084190686,0.916615306367661,0.78061682226232,0.841878257606689,0.794900784337795,0.825745327016756,0.837616710758527,0.828272203513632,0.917534092339911,0.839003637030224,0.964700393052559,0.857023366370626,0.779795674118593,0.899297370778769,0.782080103084088,0.902535533336927,0.717841497183392,0.889799774051411,1.1019183604052,0.940955347767311,0.826958046801099,0.924058976115806,0.881966584798394,0.91326187625796,0.908016057904528,0.903018821121859,0.914910641312254,0.903633311713614,0.873820447022637,0.841029957981852,1.00600873661627,1.04955156742465,0.920398209850279,0.945909736251629,0.897908261100915,0.883121373462426,0.906079699676373,0.908034784940303,0.725942060795856,0.782721054097066,0.849047449201593
0.919261258068337,0.76639072726535,0.970804746521534,0.820942581774885,0.814785971897832,0.967557417230721,0.85859343437276,0.795356548882287,0.939512808651016,0.864096802006283,0.764881333212377,0.816369816371492,0.939686198867101,0.974362750052298,0.840639978818274,0.911643431239406,0.737840827335758,0.752075309823589,0.748640022060662,0.879651214483142,0.749811799695716,0.799577778989164,0.749219084190686,0,1.04012171371926,0.826653202907746,0.839777645533771,0.769571650995312,0.796995698650799,0.776461177512671,0.788523457291086,0.872686490736676,0.797155507927847,0.985962205238747,0.937475805831427,0.799161256653969,0.900857422375391,0.758922390679918,0.952838549823179,0.817739002186365,0.799749082616425,0.985982510446475,0.875258799005993,0.934307135579436,0.987702399376825,0.861915444977484,0.894451569032953,0.881130934553935,0.87538913522553,0.951423884186742,0.923448224492411,0.869180554207468,0.811242699140171,0.971694960973137,0.905942233871658,0.893982900180692,1.01338542968691,0.942054030469799,1.02753388141292,0.944925741189333,0.881307656231177,0.783089529625732,0.809578493913382,0.868438325510216
0.818928873657907,0.907278313325128,0.785808039787059,0.875543909799272,0.846976393003634,0.873521702051111,0.90596110823687,0.895928981649737,0.797048959367576,0.944216572999585,0.912684266587341,0.857836449984534,0.781708931597843,0.85173452944004,0.899561153047143,0.827103194407512,0.862212129186408,0.813860821750788,0.875692473125598,0.810194349298836,0.855285285430012,0.835216110934904,0.916615306367661,1.04012171371926,0,0.981223615378375,0.851738940512084,0.862609204031012,0.836667855921797,0.801335569434908,0.845710545696233,0.8404232670783,0.902638563217273,0.823429307460835,0.852669515566833,0.90527516037721,0.904523428149372,0.899654762355063,0.762701590665116,0.913021653320386,0.851717758130731,0.816726920025811,0.88420843477621,0.947462251367907,0.847566614419761,0.898408501951167,0.895245799498264,0.878362489996885,0.842572182826837,0.790817510471729,0.821542865028334,0.855162090929861,0.854655766179618,0.79226237134022,0.83517024741714,0.9492142637954,0.828036907595406,0.863179040773122,0.92524599140161,0.842042912964595,0.770026790252071,0.861723332417356,0.882872480014432,0.841143963056398
0.915038100137465,0.823163355319278,0.94139639886397,0.789340288695541,0.884380320818491,0.938550511959801,0.817876405380618,0.870452586046471,0.916509491185438,0.821512674198591,0.846513181885815,0.890593389186694,0.889401963910806,0.947757604650252,0.811048879454166,0.881027131953985,0.768889964400424,0.826109200588403,0.71142977791842,0.856100627998288,0.785393124039151,0.871632525708658,0.78061682226232,0.826653202907746,0.981223615378375,0,0.98408319359545,0.726822332511815,0.72780753901042,0.794648906692327,0.826795227725295,0.899943294937059,0.899406627180768,0.954698338395452,0.858638791596902,0.820340833772318,0.827107770853913,0.873618504286006,0.939033451640942,0.784138979890147,0.840582194217439,0.960786682413443,0.934762872477605,0.791761148403088,0.935538279721408,0.865220012100236,0.902547616553465,0.932805323555362,0.879981307763328,0.920680656489045,0.898839299901469,0.831376143580537,0.819122705142334,0.907495024362357,0.892472794393283,0.807074153538752,0.966300407861101,0.920846616385845,0.876189548606467,1.0389135889542,0.906897659900165,0.777381900003036,0.799571674632467,0.803804611523397
0.912196112464932,0.861920689604991,0.847872969501474,0.925551869862222,0.770391834859479,0.953133049834602,0.902905654041109,0.771377125702812,0.895147599058668,0.965887397564464,0.915898937389004,0.782017890050123,0.788961309375714,0.913322433777478,0.907157419910933,0.908562576815806,0.803158155674762,0.731970557960254,0.824372951247396,0.771965621212043,0.761341923074508,0.795151231141637,0.841878257606689,0.839777645533771,0.851738940512084,0.98408319359545,0,0.891761421823101,0.863129984356698,0.731736010443356,0.752574653728151,0.806783741370459,0.821398506978011,0.937927306812216,0.933436909891852,0.835522843987893,0.954537743872836,0.845055879254601,0.830286724535407,0.951403261706422,0.82120576904394,0.938106705308821,0.836507961476574,0.973999068781441,0.97787862254559,0.849962023979892,0.988860573338984,0.798998892859744,0.944268571423832,0.858939425096128,0.916009792020759,0.912889886568892,0.823998502351484,0.90004868265918,0.870077886945748,0.980971118029732,0.926737523499583,0.774938781359528,0.935664794453934,0.978516618359706,0.788144100237973,0.898500370045573,0.846305691068145,0.898824657829913
0.876183206815529,0.809052025801766,0.954540174293615,0.769699797708863,0.890269789094446,0.924042503172849,0.798621497757802,0.880354605931666,0.914152400795889,0.801300713061343,0.863858039139092,0.963945328242813,0.947027969829615,0.906454174656443,0.811997546897688,0.90635788263015,0.787108006346251,0.862652542345027,0.741378008988966,0.910818774283526,0.810959664231314,0.924096988698199,0.794900784337795,0.769571650995312,0.862609204031012,0.726822332511815,0.891761421823101,0,0.816959477236761,0.903589155049808,0.851322595022279,0.902458658173984,0.916324799539955,0.953094357583026,0.849580398042486,0.814164236455522,0.802345820073961,0.865098074722939,0.951366478536612,0.748912927063771,0.861110538350985,0.949406324979538,0.956098284064313,0.742944029694236,1.05117276146264,0.845493060050096,0.851668851062751,0.954050990402913,0.874357788781514,0.952214311630548,0.882049773397316,0.844103753868388,0.833387620159382,0.907593056408187,0.889246102217191,0.778747675339814,0.967381407142285,0.903600707150702,0.789290683658476,0.960155737383789,1.10223930089427,0.758538221507887,0.787363010579566,0.799477964177192
0.86393488686849,0.863302951223532,0.927906540592632,0.798360930229996,0.888383330419429,0.893997299548343,0.795808845471896,0.888208080705475,0.878268464869914,0.741613971806994,0.884269146664263,0.915028004605305,0.984034644052968,0.917403545747425,0.826384066694409,0.88213106491243,0.814227095297885,0.855085740713114,0.765062961869451,0.884473256274987,0.809251561314436,0.881947944579553,0.825745327016756,0.796995698650799,0.836667855921797,0.72780753901042,0.863129984356698,0.816959477236761,0,0.984489112434299,0.888472214613907,0.825429278621417,0.952811037980235,0.905000441776688,0.798673421681597,0.875098878658132,0.752670510191355,0.877996959163542,0.952116686906728,0.79356440987776,0.86499322348668,0.914313483163222,0.935627718408242,0.743756884294649,0.923128677201634,0.864246271745164,0.777289460929713,0.946489088879573,0.83597199326344,0.901850963130075,0.844005333223111,0.786232613576888,0.848733807875406,0.872093858209182,0.847414375484523,0.779089742178728,0.942360784640358,0.887889475243998,0.746822274486269,0.919481857339511,1.07551079302633,0.811894096207823,0.834850830843241,0.795395956307515
0.898425036080615,0.825917155290026,0.899553566387431,0.880789974343378,0.757010897485682,0.965361207602438,0.877453689501273,0.793137567522036,0.908048395200422,0.848901311027306,0.828385209148879,0.781990746213149,0.998662521190797,0.959934071909277,0.880921722404615,0.904776489479245,0.788551459025023,0.727772163169618,0.787228024825274,0.784334077471177,0.740810492077122,0.802548798045669,0.837616710758527,0.776461177512671,0.801335569434908,0.794648906692327,0.731736010443356,0.903589155049808,0.984489112434299,0,0.756993224435401,0.824668597642709,0.869854330840019,0.955094266267345,0.897069708187257,0.829711802654264,0.91965407805665,0.827714528261315,0.862378124643655,0.893051915508056,0.822361563159128,0.936243922011168,0.836464012142333,0.922548428392437,0.992725822676772,0.919095367276538,0.927166729728579,0.811127178530931,0.94257914193299,0.902779905682628,0.958211152715181,0.901809069027389,0.827185291145204,0.924165767422615,0.894286941989802,0.930845665599652,0.984678166272322,0.758951564457022,0.864796236462382,0.897386857037547,0.893582121171718,0.888509337732549,0.851507374064351,0.880208418725178
0.927960443215255,0.821732909380826,0.886326005675809,0.897150281085636,0.784086571626175,0.974279626596207,0.886182121884928,0.782234208520432,0.939268388236534,0.864068585609672,0.813895697582118,0.75569884642414,0.899286521866177,1.08265141256746,0.888088077311546,0.907312765914587,0.809058814308578,0.752630979674962,0.794593804227247,0.804830628578546,0.76809658560643,0.794357838606256,0.828272203513632,0.788523457291086,0.845710545696233,0.826795227725295,0.752574653728151,0.851322595022279,0.888472214613907,0.756993224435401,0,0.855178874619662,0.789087343833463,0.968873023822774,0.940801861828835,0.830059274083922,0.936409155126677,0.806212091349627,0.885052040682349,0.875930693156996,0.799858426988081,0.969015501873516,0.856947923418402,0.913946772033608,0.959088817965643,0.976781944002245,1.02517712622284,0.805248680549639,0.916653421837121,0.903896223183022,0.937447946837593,0.925652450608442,0.81308455459018,0.934732181484205,0.905004138708686,0.942792140749392,0.938835696961425,0.788255768658732,0.905378215169342,0.878487042303699,0.807364393599557,1.00204909417774,0.888688051170281,0.877924158591263
0.852224916628099,0.909714075506061,0.864897525983477,0.932729861671612,0.785362713840012,0.825005432295749,0.951613851169522,0.858450877325604,0.852570213866327,0.830489488767938,0.924448044418031,0.794283117868686,0.831685931676975,0.891443895662285,1.01172756209735,0.952728716629664,0.893203668122789,0.822567272968065,0.899635334264994,0.821534225539351,0.847457244560602,0.850681260757387,0.917534092339911,0.872686490736676,0.8404232670783,0.899943294937059,0.806783741370459,0.902458658173984,0.825429278621417,0.824668597642709,0.855178874619662,0,0.914907632388762,0.860087659568397,0.797190519474782,0.898884923293941,0.849979417926685,0.906309820749303,0.823749592933415,0.954509563245573,0.873047046588478,0.879466178934343,0.890903446647587,0.895265515406634,0.81372330950685,0.860181188925305,0.919564865937959,0.95720950134116,0.848938434218528,0.87356501510234,0.807174877932471,0.865733547987946,0.882975033923083,0.824235699740835,0.773692325775161,0.966943734132565,0.894747255940882,0.766758061215526,0.828704851342548,0.829629947783226,0.815238004611349,0.953973792379199,1.0386059483417,0.963218196068404
0.944935828024765,0.841158398530393,0.903330264025826,0.91125602000952,0.833054111575482,0.94863271553107,0.957042293881207,0.802164776951819,0.934763275582132,0.927067822444639,0.845665253537633,0.831675281121751,0.948730224743054,0.91248079357283,0.86009658018578,0.883857387021065,0.896512559390663,0.862767268338535,0.853623583592716,0.860087937590681,0.838016076956336,0.850232334063687,0.839003637030224,0.797155507927847,0.902638563217273,0.899406627180768,0.821398506978011,0.916324799539955,0.952811037980235,0.869854330840019,0.789087343833463,0.914907632388762,0,1.16126427973402,0.999926699428431,0.767316191059185,0.930605154267826,0.80235876693045,0.873092799593402,0.870010972761994,0.832404283701727,0.93080942577416,0.895542016288865,0.938720288136693,0.918797530599081,0.854977144128734,0.961157958536548,0.861975254206972,0.89457582919379,0.893862560352826,0.985406089542403,0.944137943803497,0.861564507070237,0.90545749743663,0.935372288888162,1.01252704317021,0.986654108012583,0.885324745847853,0.967543223091931,0.901779545276066,0.921617643078232,0.87638966450207,0.876849793376148,0.949971189335673
0.814884493952509,0.996727832094225,0.83587039536762,0.953741144796284,0.971413939573283,0.806377543280184,0.954848064869056,0.978865398588331,0.760795167764984,0.962787481110734,0.981219853179266,0.96022297945216,0.849137453981612,0.806494291680868,0.946750013662452,0.878870377019306,1.14445499398152,0.986923308861182,1.007526482614,0.919212317347346,0.952236189669303,0.90349076845796,0.964700393052559,0.985962205238747,0.823429307460835,0.954698338395452,0.937927306812216,0.953094357583026,0.905000441776688,0.955094266267345,0.968873023822774,0.860087659568397,1.16126427973402,0,0.882743321978303,0.919113062717487,0.833601944220419,0.942383177202367,0.817473380650135,0.934033041792203,0.898921844223451,0.764564890005814,0.920896415875641,0.898691538196245,0.751150200067448,0.905224779511362,0.858313676506569,0.868013955471921,0.814024583121196,0.75955011203988,0.791564280456565,0.8286446477662,0.936897663446375,0.820166814674194,0.82030140791329,0.964452645370744,0.778611722680249,0.912159208363679,0.883040450295037,0.806392684988568,0.875327750651241,0.971280800111137,0.923725215316547,0.921794583861504
0.841249017920853,0.943499760267121,0.912872457842456,0.863123705628454,0.92686465660158,0.81453155897588,0.862584265707303,0.961183799890615,0.769267573525158,0.822312201934393,0.903357644890299,0.919563728965755,0.900752817401278,0.837226327943022,0.918672836724851,0.896961261195465,1.07678815127099,1.03604267160379,0.94613034301876,0.922287556342586,0.896731360392489,0.905389770696151,0.857023366370626,0.937475805831427,0.852669515566833,0.858638791596902,0.933436909891852,0.849580398042486,0.798673421681597,0.897069708187257,0.940801861828835,0.797190519474782,0.999926699428431,0.882743321978303,0,0.910510791864553,0.747041364802738,0.892398746030853,0.901623899310885,0.865686698341859,0.872610904658085,0.834415792243085,0.886939864314734,0.807187563944185,0.795920623451259,0.853190813684911,0.770396463791333,0.905554458906436,0.803349606532809,0.866799384211584,0.752282612108885,0.80153424534512,0.903104379341503,0.860915323606958,0.785272814164283,0.841215491381858,0.845767187658643,0.909095073800425,0.81358892373022,0.899224889430847,0.915216575348029,0.898008166995812,0.881686144584914,0.837492226298579
