0,0.838102626836043,0.878484073090964,0.845219900102496,0.905710074100466,0.844718934899799,0.814744331022544,0.837879968663732,0.748565821240752,0.795999701165329,0.716301948262954,0.772769272876894,0.808356075207234,0.737560806018438,0.874983294730756,0.768104539231415,1.04398360288172,0.752992566877553,0.757352688777002,0.787667238608965,0.775506562285812,0.698667676106433,0.784116781594193,0.827815219546262,0.941628228141042,0.746852588949652,0.711872547199395,0.859455462963285,0.755556024808,0.883489040734251,0.829048192928797,0.850717832719857,0.89808340958492,0.865643182565348,0.751211810255995,0.760547095921012,0.824866231218095,0.835460320352987,0.733552695284042,0.946701595362845,0.755882810185887,0.696114134239929,0.830801813896885,0.882756125680531,0.747100250470573,0.919436220417251,0.867935433348399,0.774641034829884,0.989432162355229,0.946918585513916,0.853967981063987,0.782981836464595,0.770032075509591,0.781780372514673,0.904511594401639,0.676740157444366,0.688046856588899,0.942179907001867,0.93181446652594,0.712811002260655,0.732325226802531,0.87713613434118,0.766335000705955,0.80280296476125
0.838102626836043,0,0.899456763696109,0.841757186460849,0.813580163540491,0.86315940964417,0.825626048324167,0.872762428653727,0.872528312614027,0.877055001670173,0.807348538603401,0.843424889264963,0.80078824590679,0.793283053944476,0.851953541825513,0.829245762733223,0.87343449871434,0.89319587997627,0.793462871457791,0.896594894792904,0.812818160174772,0.911965297348871,0.805979204956442,0.808294689322563,0.813503810304663,0.896848408904492,0.885221857236549,0.824675370530336,0.864824324776119,0.801539347739862,0.913745190986032,0.953629771900298,0.853832826461638,0.892128339919532,0.877555982224052,0.898853623258037,0.832116599895966,0.844027918304669,0.916638711863002,0.797859895966491,0.849529496908279,0.894737578632943,0.837775292714031,0.817344007354037,0.810669153740629,0.884097473090927,0.824554148216468,0.775831770172644,0.845760708004799,0.933584560641846,0.926546549824535,0.783787044803562,0.770145701383502,0.910131096823883,0.815274906629977,0.896925946610616,0.81850230521131,0.82273011451581,0.743542113255024,0.830304195248012,0.888912652530397,0.750743669883418,0.801776170716415,0.834628214797996
0.878484073090964,0.899456763696109,0,0.947696123820673,0.810712928998774,0.946126137317016,0.870268565341207,0.901942788371675,0.932695807970907,0.88272581625399,0.862541211389277,0.882609003666032,0.834705179405519,0.834806420818166,0.903105718477703,0.885200755144178,0.913037529765396,0.932864778115831,0.90358438506346,0.91026055579552,0.876092683178304,0.94215816038374,0.893995740419763,0.850537839559347,0.870474789434009,0.95723562731859,0.939149792816801,0.869591058716217,0.94117823616915,0.876489050492806,0.930172661339175,0.99276216119876,0.917577176356187,0.985093111614415,0.946433253719481,0.946232868554053,0.942576556345392,0.851626975610252,0.961790564497515,0.859678876457768,0.91534719766909,0.942284445498956,0.850660203063391,0.845856664453486,0.840701732398097,0.908855069430893,0.855929982871037,0.840233215639772,0.917940258187836,0.916457971222433,1.01690138239199,0.817569140297706,0.862616734829803,0.901432256255959,0.896932134910018,0.934666272161938,0.869084492661908,0.857965498333061,0.841127341908,0.881536387587222,0.909153582241056,0.834971443409245,0.853023634137767,0.86959216868014
0.845219900102496,0.841757186460849,0.947696123820673,0,0.847226871713876,0.86464672787487,0.804861696113176,0.828411701716928,0.812899273616388,0.846544106815426,0.785596121449205,0.801575260640637,0.87526701751592,0.829327251454818,0.792334566785243,0.817909281535311,0.836751940244852,0.976740638193103,0.831804609097749,0.806700871087432,0.834078691511461,0.859707635038155,0.814330644645731,0.851540741574532,0.880326969398042,0.825886779409931,0.827157226537083,0.862191417433166,0.797198733958763,0.842757841899078,0.861623208540016,0.864599586054073,0.840973143178137,0.897655787967709,0.892625291329002,0.913141528681977,0.872030396393196,0.826592883370142,0.847816179052615,0.891674668332236,0.839949983256888,0.857880400564904,0.878626305912457,0.831976919601873,0.834369402974744,0.855444290046462,0.810564136061529,0.81811399629955,0.765384556127044,0.861929039255052,0.955064138841886,0.832157152934036,0.770190125111722,0.808709405045911,0.815712290012146,0.818878252027541,0.786365782148107,0.86986676114131,0.836097722895959,0.801869605460263,0.87910754989689,0.782002211636318,0.812485238470517,0.818523641959447
0.905710074100466,0.813580163540491,0.810712928998774,0.847226871713876,0,0.962775220782523,0.846086113594704,0.898147516681794,0.925926316968439,0.892535683205234,0.994650061899364,0.936113715760488,0.780275247785347,0.895418107032552,0.964889681910073,0.858374295177873,0.858568642705396,0.892870528730141,0.986797969696857,1.00886080543361,0.994579047481862,0.987820064088642,0.917487026628621,0.831168190178262,0.830886452772593,0.895531250649257,0.943365095002057,0.80219633386175,0.83534087756375,0.849444184104003,0.905095585409879,0.908523041951569,0.852682679732957,0.8654914346059,0.918119422405833,0.996570649826637,0.982861735486067,0.908222005569549,1.06091363871152,0.814796748849637,0.926636546836655,0.973335009343324,0.835949780964025,0.802850724972338,0.858367244124144,0.942971997296859,0.834949787011156,0.865626978348243,0.884153174225355,0.84498918622704,0.820274208519364,1.05722480686158,0.886272436302551,0.888336657766166,0.860670667235394,0.951665849224748,0.931702292381983,0.833953698736611,0.847692631627799,0.860243964332389,0.984227601406773,0.842966827401247,0.878834199391135,0.849679802121056
0.844718934899799,0.86315940964417,0.946126137317016,0.86464672787487,0.962775220782523,0,0.912147304021267,0.857289515955039,0.911050446855419,0.876290765105054,0.819109790125253,0.844809055298907,0.83474387672272,0.855264249763578,0.875987338402651,0.840657020747854,0.840644015008639,0.87814312349761,0.84735132417737,0.953837644554345,0.89590216472992,1.00326505985099,0.841519506690939,0.924447275173459,0.857380274850701,0.876213339483684,0.901759382968737,0.884804760222556,0.874207800421143,0.8470896929433,0.896413179692755,0.965843272552173,0.820880186377136,0.876637661892035,0.806608801954089,0.896880083270093,0.734945664991342,0.973112337095406,0.928580518573456,0.93993426820408,0.982398118048877,0.896904662014089,0.90498160230825,0.868490795546912,0.937094196976645,0.921127009148349,0.929023949589289,0.780107139070582,0.887027598477919,0.873367987632377,0.885260239918182,0.873986973158306,0.948273370163315,0.969895495100085,0.845654747113951,0.943181044857251,0.863641205565507,0.893023190647322,0.80358151522694,0.83495336405086,0.905805301665137,0.842552290433376,0.875925844496391,0.881427931818019
0.814744331022544,0.825626048324167,0.870268565341207,0.804861696113176,0.846086113594704,0.912147304021267,0,0.796401162536583,0.841173094478044,0.850027112964911,0.82420092240608,0.83850811487134,0.764535606037758,0.831480505515802,0.869329139288113,0.796572551872217,0.875532658066959,0.87244502175458,0.829238714207524,0.839657633338777,0.77825433772653,0.959746988080551,0.868746463372587,0.878546049665004,0.841039821647708,0.804910160326511,0.818658352686574,0.826346648713612,0.76067490254512,0.823010650596607,0.858274095633979,0.880469070163844,0.739668793415078,0.83218692277236,0.800942636559936,0.872342237746362,0.813450614964792,0.861060587532292,0.919041406306964,0.872368455301364,0.87515505701716,0.895123918744655,0.840517992027651,0.803727124730713,0.851468510667657,0.908735160704977,0.827405230920453,0.763543470264578,0.79584442432117,0.787354861714004,0.787863588461441,0.832455368010218,0.911797256848226,0.966371112191104,0.801523653067294,0.832800478844189,0.784228842448066,0.845965883706849,0.807638686404204,0.754142310964111,0.884673506909998,0.787210414120947,0.805770068139787,0.794995992483004
0.837879968663732,0.872762428653727,0.901942788371675,0.828411701716928,0.898147516681794,0.857289515955039,0.796401162536583,0,0.885584422043297,0.828133481726814,0.840881514696372,0.844014148061096,0.841549819525044,0.824058185376165,0.878005944582402,0.763276614813211,0.88544409820327,0.874694246702323,0.868701472191877,0.841611883359951,0.838683176567729,0.83046950927092,0.885796320434226,0.893046178242197,0.937612597975433,0.886970141800813,0.859835211189484,0.84594300119506,0.827563568576509,0.866663173058396,0.825695005124208,0.848388291340637,0.841574834255589,0.796804186323819,0.831617766597112,0.865478367753741,0.846479457875038,0.905799343524697,0.926202185372585,0.937409204317329,0.863756395251075,0.859450380892874,0.900259154861879,0.915611664360262,0.887900110631216,0.880511988066253,0.874195004890428,0.90217117967488,0.820719894151896,0.848508379494167,0.853906338086538,0.855675407745603,0.807716486971971,0.782432217947022,0.973326215373539,0.934768627750231,0.887752570008154,0.874697554249784,0.891407132485013,0.788363018618187,0.854175374191017,0.876586432837725,0.841997847699447,0.835854639825389
0.748565821240752,0.872528312614027,0.932695807970907,0.812899273616388,0.925926316968439,0.911050446855419,0.841173094478044,0.885584422043297,0,0.799270852176996,0.791474567645841,0.782535752285454,0.81631850442259,0.836745959814059,0.921861075583975,0.755056054886681,0.994494685278332,0.818261383409876,0.852644052808009,0.75223653934203,0.802224727661094,0.7094099162472,0.811969532266873,0.857287727343418,0.960301850927973,0.693090073374819,0.732686638342624,0.933095172648426,0.701088227521798,0.978745596968211,0.804610375708103,0.782003515456538,0.829804091505933,0.798045413282187,0.775268468766317,0.78111866975915,0.88405523923079,0.812245590676969,0.800184795589285,1.01875638013545,0.785963774859382,0.687498696427549,0.846197401036476,1.02995766144853,0.841005460092324,0.970411946590563,0.892769436645624,0.893500353026804,0.871033651829544,0.84119190507684,0.83111150561509,0.79459248359004,0.804716005720491,0.823868918082411,0.982056868180082,0.752254754152357,0.892976037172311,1.02919863981367,1.05518705004113,0.723023663890325,0.688856543689431,0.983949954224989,0.787634576204272,0.794849197453852
0.795999701165329,0.877055001670173,0.88272581625399,0.846544106815426,0.892535683205234,0.876290765105054,0.850027112964911,0.828133481726814,0.799270852176996,0,0.983185993987311,0.930397918560667,0.824370520487136,0.785769752488365,0.996214582547891,0.765014156333951,0.966911687190076,0.863186860031251,0.903650156592705,0.821454069300406,0.759251932800352,0.86207510783151,0.849179579778309,0.896864780066272,0.936290799500273,0.741091405590291,0.79295267181356,0.953241731068776,0.787185053017907,0.910144945561288,0.777744523198082,0.829676242541817,0.83414083878018,0.844822177757153,0.791122539590231,0.884360120175544,0.850117666349586,0.847031358063527,0.865033636613053,0.921643891471187,0.816822019184033,0.767094768332306,0.860218510431883,0.847659328948461,0.893320484501708,1.08489495685832,0.947332274515178,0.842862459258245,0.940487326284189,0.860279290900887,0.86919107239865,0.887265068441714,0.84765299216065,0.846471124455656,0.916730608259964,0.803364611452082,0.858869857752382,0.967076415805724,1.01993990896855,0.855106469301171,0.847693945380923,0.945750644209199,0.843263829866084,0.833003976433685
0.716301948262954,0.807348538603401,0.862541211389277,0.785596121449205,0.994650061899364,0.819109790125253,0.82420092240608,0.840881514696372,0.791474567645841,0.983185993987311,0,0.810354803872115,1.013457440423,0.759966175311682,0.686205245774122,0.899175195350232,0.954221421766355,0.8089477302541,0.715739699727701,0.817067202309517,0.862630558812559,0.684992443724564,0.787831799166203,0.884017817339202,0.969448282147687,0.914019002571061,0.767920072899542,0.986423246625988,0.937283477894213,0.82722236001778,0.876933982615787,0.914476189949739,0.836084248487547,0.861071272625849,0.824566412306753,0.776563936476425,0.85815091515509,0.906090949569913,0.716343138320567,1.01016609921896,0.790530302709306,0.800903510596861,0.946395918726915,0.924386158538174,0.793953153420415,0.861761893801588,0.877944438473885,0.796127223826644,0.843677477155226,0.832555977206843,0.828505092443557,0.783513209207172,0.744405987143554,0.823701315510118,0.879703534799345,0.751353261828796,0.630606022481158,0.964543036238024,0.853925127270269,0.938848115045466,0.762406972652418,0.843826068435487,0.800935807391631,0.821893435073491
0.772769272876894,0.843424889264963,0.882609003666032,0.801575260640637,0.936113715760488,0.844809055298907,0.83850811487134,0.844014148061096,0.782535752285454,0.930397918560667,0.810354803872115,0,1.05455728177941,0.827470217169217,0.789576461996659,0.870345750512293,0.959067738598934,0.83684264910605,0.812983674023179,0.812342647664127,0.867043077850794,0.766248238533631,0.82760316030445,0.894783179220769,0.953008378210473,0.888603203460539,0.802631813426943,0.955001106503204,0.946934999142878,0.893444268902859,0.855458721103545,0.866984813839462,0.851423186096149,0.864157953302731,0.836643877375167,0.830959767394659,0.889773124946762,0.886815293928156,0.775217778388503,1.00247680330844,0.83449996710475,0.809781802733879,0.919749183220231,0.908752007381228,0.851466183289255,0.906192446813411,0.925607904036232,0.863255882300941,0.88935164941704,0.858522753080477,0.857160913337504,0.843706617682463,0.805247321991841,0.837552039871016,0.906121713487248,0.772079124350027,0.757133777508087,0.934491027024195,0.923801827952858,0.929019063055696,0.837995682676722,0.918519870508598,0.829726559989743,0.84154045982315
0.808356075207234,0.80078824590679,0.834705179405519,0.87526701751592,0.780275247785347,0.83474387672272,0.764535606037758,0.841549819525044,0.81631850442259,0.824370520487136,1.013457440423,1.05455728177941,0,0.782036681645387,0.981284363960834,0.711118338116406,0.857519091024199,0.822183040900515,0.889960644685699,0.901556960723783,0.776409773874157,0.94951429303476,0.817141908764764,0.8360320455017,0.819849514380845,0.781095106177268,0.824593549757954,0.819224003411456,0.848535082911464,0.881689149270618,0.87988961923312,0.8713225610922,0.770825564501963,0.850026862115587,0.796164890140471,0.89712901383346,0.817809075145093,0.867302629010212,0.97837082875356,0.779350645088781,0.824294664686597,0.845153950841917,0.787645166442864,0.767236845035351,0.844430164355995,1.05837082754626,0.952348144624953,0.7679390798257,0.876950635369061,0.823003305656948,0.880915644328885,0.843312443924363,0.825918922890541,0.900303768031753,0.845651652144854,0.909408015740558,0.833573367943685,0.822529129688519,0.827284635369334,0.783494122988749,0.98446403829996,0.849653972533583,0.842090952535923,0.815662829936782
0.737560806018438,0.793283053944476,0.834806420818166,0.829327251454818,0.895418107032552,0.855264249763578,0.831480505515802,0.824058185376165,0.836745959814059,0.785769752488365,0.759966175311682,0.827470217169217,0.782036681645387,0,0.92870409216679,0.739663399601821,0.899511366835577,0.788940609713332,0.830855534628294,0.840226061497427,0.784110331778754,0.823653781381152,0.810447706154245,0.827156050646158,0.882514389859742,0.760800889623222,0.777945584641999,0.824411260720188,0.764017425317944,0.932083790907627,0.959818656848317,0.953043618385398,0.79370558771102,0.841356714769441,0.80031429668028,0.84439395076894,0.85998335632542,0.823026359193229,0.832898934446017,0.853251288011015,0.799187538831249,0.83048117982835,0.855024137577072,0.858114919125514,0.832732198023374,0.913410350030085,0.949652193323379,0.837177332759829,0.88610833832767,0.799664643212306,0.812909997310653,0.846131014427534,0.779926957112472,0.826594514589147,0.851143980924086,0.798089067793348,0.740983493212476,0.911119697989412,0.884569749739188,0.696390353852835,0.835767631325401,0.898399430894958,0.940593447492439,0.781922085948614
0.874983294730756,0.851953541825513,0.903105718477703,0.792334566785243,0.964889681910073,0.875987338402651,0.869329139288113,0.878005944582402,0.921861075583975,0.996214582547891,0.686205245774122,0.789576461996659,0.981284363960834,0.92870409216679,0,1.05827181141146,0.945768469619541,0.911213919978587,0.803344155410638,0.928106542464917,0.945491595212597,0.848398468204075,0.85014772779503,0.936849929228894,0.933420044798222,0.980875702579372,0.922615562100801,0.959042387799561,0.953821826417663,0.846970867749596,1.01874500583032,1.05912108825067,0.889318324162634,0.865067620565989,0.9214043137327,0.897435433892348,0.919342176963179,0.932597559054821,0.812387010983838,0.955104542454288,0.861705196576027,0.946994265352984,1.01180035026124,0.965068618537042,0.885562795675549,0.81810177464062,0.841926845971767,0.945008508917444,0.830735322246621,0.882807781935562,0.839973468645525,0.890151234430332,0.836022927729143,0.890890900711489,0.846782507151445,0.859464239802503,0.784791694319779,0.931640362203212,0.794134069456822,0.964164827271295,0.863447104748927,0.836183869627292,0.921462254582542,1.01833270225472
0.768104539231415,0.829245762733223,0.885200755144178,0.817909281535311,0.858374295177873,0.840657020747854,0.796572551872217,0.763276614813211,0.755056054886681,0.765014156333951,0.899175195350232,0.870345750512293,0.711118338116406,0.739663399601821,1.05827181141146,0,0.84177599814666,0.830591944069367,0.850616667780061,0.836707164874689,0.788575135284815,0.869655497371239,0.841428245458308,0.847356791332944,0.887645396891408,0.711664894226547,0.752427608371436,0.822990433740774,0.720887449033545,0.857542207842654,0.794880551721539,0.849857418322159,0.810173969577156,0.798942530690666,0.737819026637649,0.827649742730535,0.818046961663448,0.798899068820002,0.893531859263786,0.883675617422516,0.805055883562384,0.767176451148689,0.804113365877669,0.793839935275777,0.845117473422412,1.00972400597493,0.898420347509638,0.911824447606943,0.856963020050298,0.84373958234544,0.836345689664377,0.823174180007244,0.802519685937497,0.818495218790838,0.88386410973533,0.792874057301097,0.856569613771153,0.84411886734354,0.930194586024995,0.7074406026881,0.815967948430982,0.828751386431364,0.784492668450175,0.972294743789127
1.04398360288172,0.87343449871434,0.913037529765396,0.836751940244852,0.858568642705396,0.840644015008639,0.875532658066959,0.88544409820327,0.994494685278332,0.966911687190076,0.954221421766355,0.959067738598934,0.857519091024199,0.899511366835577,0.945768469619541,0.84177599814666,0,0.897019580875141,0.85941040416184,0.970065704393714,0.930093191747544,1.04230305705638,0.896081012383481,0.829252350688739,0.754573278894397,0.951893962251789,0.980620936097879,0.855383366869676,0.910648833921102,0.770134629423521,0.91796737400485,0.927903702943597,0.975050166938131,0.811462998928745,0.862591055741199,0.931089654014874,0.774665161181928,0.896650569277985,1.04192077545302,0.784637110551264,0.898395183830578,0.993186083538458,0.888627817047989,0.810126463261038,0.927482202798519,0.912189215188472,0.867352440323728,0.857378236110081,0.994394311786904,0.944061444178449,0.8855610498636,0.881183959577071,0.828059244358139,0.88019746643604,0.766672886776583,1.0274630511807,0.930323068720201,0.71243310315973,0.774773462701882,0.891237962496887,0.984321097645091,0.728450644952421,0.874441182627495,0.920849916727214
0.752992566877553,0.89319587997627,0.932864778115831,0.976740638193103,0.892870528730141,0.87814312349761,0.87244502175458,0.874694246702323,0.818261383409876,0.863186860031251,0.8089477302541,0.83684264910605,0.822183040900515,0.788940609713332,0.911213919978587,0.830591944069367,0.897019580875141,0,0.804368556271976,0.788380777117679,0.803629780508922,0.697840817897924,0.773377035522226,0.746377318616897,0.92008346611395,0.787709805336027,0.753923980539698,0.849261456995644,0.814255251314463,0.858147912623108,0.837721696792951,0.82551297799357,0.784152497929699,0.983571089506287,0.914000989449033,0.820595582704791,0.854784654389951,0.847145113165737,0.764524810094984,0.932673236874448,0.758937567042106,0.702672252115939,0.789468186352176,0.855583873364086,0.735948397032795,0.903988262831257,0.856717352934191,0.792874473265485,0.888149847324738,0.891136992990301,0.943152038713984,0.793808353502767,0.821925280985133,0.829554018222468,0.925717247371608,0.777703730704546,0.739466113211356,0.940014068534198,0.92281577917762,0.775956633675177,0.739122874936916,0.907073969920237,0.784380484574644,0.829487204685665
0.757352688777002,0.793462871457791,0.90358438506346,0.831804609097749,0.986797969696857,0.84735132417737,0.829238714207524,0.868701472191877,0.852644052808009,0.903650156592705,0.715739699727701,0.812983674023179,0.889960644685699,0.830855534628294,0.803344155410638,0.850616667780061,0.85941040416184,0.804368556271976,0,0.877482277363891,0.793006741102974,0.717718735570833,0.738154366791786,0.785583226508444,0.838812788866576,0.821048160040099,0.761562115858186,0.830963077482349,0.801261558194256,0.773251926878629,0.852890850728387,0.879346532000373,0.752704747000206,0.86170692518344,0.796957401356102,0.890183391233281,0.910891230541975,0.832864978800462,0.772593238980248,0.884972449366806,0.710175946733769,0.747899804870097,0.829040791616119,0.814034523554901,0.779711682513402,0.821720376286664,0.778461254985969,0.720875410653216,0.815405005118681,0.853779775043629,0.833098688541649,0.826539736907863,0.732598892037635,0.845502424754023,0.839812658538777,0.793768750754092,0.675234562923984,0.908836525921528,0.785919112528913,0.84100498224847,0.800928625413853,0.75771042276305,0.779858742270615,0.84863089163476
0.787667238608965,0.896594894792904,0.91026055579552,0.806700871087432,1.00886080543361,0.953837644554345,0.839657633338777,0.841611883359951,0.75223653934203,0.821454069300406,0.817067202309517,0.812342647664127,0.901556960723783,0.840226061497427,0.928106542464917,0.836707164874689,0.970065704393714,0.788380777117679,0.877482277363891,0,0.824086153629787,0.652413253059021,0.766469120569601,0.798213151675914,0.981863295048946,0.734909445530197,0.683246801138678,0.863302341868522,0.72337129768605,0.918892805482148,0.77016412429813,0.751211061635197,0.844065309494336,0.810673581438319,0.848033296446206,0.797574222771362,1.01466139275121,0.855149960138321,0.834452214758058,1.01993666116742,0.773169902469732,0.711450623033811,0.837178098661098,0.90601863904297,0.732766376638561,0.889702760432537,0.812685401014049,0.893300914258106,0.880187600171964,0.8522070936453,0.869164438395346,0.958838823715938,0.801945677814356,0.742258031291454,0.937991117597036,0.703988873584248,0.764827238593121,0.959485851311849,1.04203079343114,0.828638533144893,0.728913578859203,0.940234511696917,0.80289208438266,0.799130898136215
0.775506562285812,0.812818160174772,0.876092683178304,0.834078691511461,0.994579047481862,0.89590216472992,0.77825433772653,0.838683176567729,0.802224727661094,0.759251932800352,0.862630558812559,0.867043077850794,0.776409773874157,0.784110331778754,0.945491595212597,0.788575135284815,0.930093191747544,0.803629780508922,0.793006741102974,0.824086153629787,0,0.777656203221356,0.739383972089554,0.756494985671171,0.825464262757365,0.705702071319351,0.725512736032593,0.80989853483014,0.715984259141475,0.825181654677176,0.752940215999018,0.80341473297563,0.770429916445792,0.817897107970254,0.728372860732212,0.831595555837564,0.831060455002955,0.930871476454981,0.897590897669139,0.940819462686993,0.820300032990398,0.685595525094588,0.759586072800106,0.78392460958276,0.78208131531287,0.895960230621112,0.858328124379103,0.744961179561687,0.890111660726721,0.804766678706071,0.831998336833839,0.858992370831596,0.795909115536352,0.849624221017017,0.909494832735335,0.798511524408836,0.794718399879821,0.910579764802771,0.875550408686928,0.7610906734566,0.841788927440371,0.832989938802118,0.788694639701611,0.808567494012685
0.698667676106433,0.911965297348871,0.94215816038374,0.859707635038155,0.987820064088642,1.00326505985099,0.959746988080551,0.83046950927092,0.7094099162472,0.86207510783151,0.684992443724564,0.766248238533631,0.94951429303476,0.823653781381152,0.848398468204075,0.869655497371239,1.04230305705638,0.697840817897924,0.717718735570833,0.652413253059021,0.777656203221356,0,0.838006239329876,0.823163636131897,1.08620841932976,0.768141059622377,0.65074264552023,0.911719202531963,0.756681302782688,0.952053078540332,0.799167006443087,0.770376400911177,0.857601342881169,0.843066256198615,0.800423066888539,0.689161215458582,0.91321286017139,0.858756387208656,0.67831539112033,1.14187608062122,0.760086971016873,0.718040895302264,0.878490818094124,0.971064963117345,0.715814952012099,0.855121096059385,0.835386580122957,0.913808176013818,0.904622598259944,0.881587162104339,0.894763109886657,0.787462404496836,0.838426322579471,0.82835820305117,0.988800183357071,0.585027691646509,0.656116110845936,1.05309406952441,1.08176977204448,0.816872817427517,0.631624056337724,0.987205695570033,0.783115366646346,0.79166287144257
0.784116781594193,0.805979204956442,0.893995740419763,0.814330644645731,0.917487026628621,0.841519506690939,0.868746463372587,0.885796320434226,0.811969532266873,0.849179579778309,0.787831799166203,0.82760316030445,0.817141908764764,0.810447706154245,0.85014772779503,0.841428245458308,0.896081012383481,0.773377035522226,0.738154366791786,0.766469120569601,0.739383972089554,0.838006239329876,0,0.896885750912512,0.882188718865879,0.799262862028917,0.738926336014018,0.811975671783961,0.746393190692435,0.816166888364771,0.83846945690887,0.83805034114704,0.753428893928035,0.817085433205293,0.789208759572004,0.830849512061197,0.820245509544719,0.817688368810451,0.7859476368152,0.834827113001672,0.791989085796933,0.906938689692118,0.884409484277286,0.850182378937688,0.791645226668226,0.924710196578448,0.843464037709223,0.737698034595719,0.866458568837087,0.844108815958133,0.840916370031121,0.787889941220813,0.806270820512965,0.900243218615062,0.846556167315165,0.806773502510738,0.706532729998763,0.912578078713244,0.815089822822361,0.800330168262744,0.816133256015754,0.801098025053367,0.804623298624822,0.830871701857359
0.827815219546262,0.808294689322563,0.850537839559347,0.851540741574532,0.831168190178262,0.924447275173459,0.878546049665004,0.893046178242197,0.857287727343418,0.896864780066272,0.884017817339202,0.894783179220769,0.8360320455017,0.827156050646158,0.936849929228894,0.847356791332944,0.829252350688739,0.746377318616897,0.785583226508444,0.798213151675914,0.756494985671171,0.823163636131897,0.896885750912512,0,0.947367006661984,0.837571952474436,0.779124831757362,0.759161774922904,0.769230720794647,0.800916664809621,0.836498144806943,0.837836171614738,0.829986248845064,0.868601487167905,0.840826339107764,0.847827811240364,0.865771418840971,0.820179458923775,0.853283558456711,0.845067095855712,0.800808926563996,0.881443960295021,0.850700505313677,0.799279707966325,0.750210314286818,0.915650752209749,0.799855885213938,0.810259120863048,0.867237060448474,0.840503911411154,0.855626868162414,0.7989082243546,0.821950306418891,0.882583376738667,0.884012056009677,0.82828017302305,0.834986869158628,0.87564613144726,0.858893004868198,0.814827758286084,0.849044559210413,0.806068349668558,0.781195598774235,0.839218153837215
0.941628228141042,0.813503810304663,0.870474789434009,0.880326969398042,0.830886452772593,0.857380274850701,0.841039821647708,0.937612597975433,0.960301850927973,0.936290799500273,0.969448282147687,0.953008378210473,0.819849514380845,0.882514389859742,0.933420044798222,0.887645396891408,0.754573278894397,0.92008346611395,0.838812788866576,0.981863295048946,0.825464262757365,1.08620841932976,0.882188718865879,0.947367006661984,0,0.900241434324467,0.933659175632389,0.779292944483976,0.826378292983066,0.742809409311455,0.853425680338104,0.899769453350173,0.775907117289005,0.858911781635668,0.833809298013006,0.969137992170586,0.793844231500699,0.822711740991488,1.009253638045,0.688117806491872,0.878121810801516,0.99918362749391,0.933521404549638,0.743095041855341,0.943889861426489,0.928790792776456,0.875282478676324,0.764985218681726,0.861125981978989,0.841814569679599,0.836150354290398,0.883602877050425,0.84125801623667,1.03641151721784,0.837172289559689,1.0365807877757,0.915164061493728,0.728754040248218,0.706041245071038,0.892661052669565,1.0305379293785,0.715456701076543,0.879083026404434,0.905159619922643
0.746852588949652,0.896848408904492,0.95723562731859,0.825886779409931,0.895531250649257,0.876213339483684,0.804910160326511,0.886970141800813,0.693090073374819,0.741091405590291,0.914019002571061,0.888603203460539,0.781095106177268,0.760800889623222,0.980875702579372,0.711664894226547,0.951893962251789,0.787709805336027,0.821048160040099,0.734909445530197,0.705702071319351,0.768141059622377,0.799262862028917,0.837571952474436,0.900241434324467,0,0.653669156456015,0.802831935814964,0.627697236999702,0.908511056462479,0.728283518540467,0.712011071979039,0.792925169041539,0.781225743970613,0.690105533173882,0.796786042311215,0.828577428071306,0.738627355896871,0.816396589001859,0.952817040369432,0.778222746811545,0.663444565742078,0.865068325096747,0.830675671218859,0.775439617753798,0.967886120656666,0.917326852647673,0.84596235090979,0.879040670206671,0.856393955486743,0.832960900491098,0.801665910970047,0.817296663203207,0.847269966159684,1.00308968927186,0.748665587721426,0.84040136564678,0.908894128736479,1.00017693826228,0.736019423421133,0.774686589427195,0.930728908840357,0.776567438214181,0.854507483061799
0.711872547199395,0.885221857236549,0.939149792816801,0.827157226537083,0.943365095002057,0.901759382968737,0.818658352686574,0.859835211189484,0.732686638342624,0.79295267181356,0.767920072899542,0.802631813426943,0.824593549757954,0.777945584641999,0.922615562100801,0.752427608371436,0.980620936097879,0.753923980539698,0.761562115858186,0.683246801138678,0.725512736032593,0.65074264552023,0.738926336014018,0.779124831757362,0.933659175632389,0.653669156456015,0,0.918174905923848,0.672202434216565,0.913776597889912,0.754747892053723,0.761237292931917,0.820069368966478,0.78638703670457,0.728662989878682,0.729492702381638,0.817006109106282,0.794312008844051,0.747367308400986,1.02747141965475,0.749350273244197,0.608347779869873,0.783289854018182,0.990069075880084,0.813117308463121,0.957183628419655,0.855279261748133,0.85132836071484,0.855046843750983,0.831536108885855,0.86152107728948,0.742165187624842,0.779818962739361,0.787945852877167,0.938459152436787,0.712554918081327,0.783469554685867,1.10132009954461,1.05358324224817,0.717847003337656,0.666263936302032,0.932623836170854,0.761240116771979,0.788238116629536
0.859455462963285,0.824675370530336,0.869591058716217,0.862191417433166,0.80219633386175,0.884804760222556,0.826346648713612,0.84594300119506,0.933095172648426,0.953241731068776,0.986423246625988,0.955001106503204,0.819224003411456,0.824411260720188,0.959042387799561,0.822990433740774,0.855383366869676,0.849261456995644,0.830963077482349,0.863302341868522,0.80989853483014,0.911719202531963,0.811975671783961,0.759161774922904,0.779292944483976,0.802831935814964,0.918174905923848,0,0.819117252733663,0.811192402598124,0.85255601528182,0.877854054405075,0.798481967813869,0.859109668532661,0.820852309571125,0.882165381384217,0.831738089651033,0.864690984395412,0.930981333301685,0.784672413666207,0.845810056251814,0.885684223444703,0.785481070123409,0.845740628019817,0.886431874259465,1.04950037372489,0.798866836866976,0.791168443254461,0.844570736324894,0.838679441773549,0.859049400902478,0.846025490800685,0.84313172712709,0.873106417613775,0.827572128017939,0.890876562930864,0.859480463545948,0.885421532004058,0.920709551451783,0.85146735006391,0.921644204584732,0.759830941014108,0.794699087888422,0.872420407633272
0.755556024808,0.864824324776119,0.94117823616915,0.797198733958763,0.83534087756375,0.874207800421143,0.76067490254512,0.827563568576509,0.701088227521798,0.787185053017907,0.937283477894213,0.946934999142878,0.848535082911464,0.764017425317944,0.953821826417663,0.720887449033545,0.910648833921102,0.814255251314463,0.801261558194256,0.72337129768605,0.715984259141475,0.756681302782688,0.746393190692435,0.769230720794647,0.826378292983066,0.627697236999702,0.672202434216565,0.819117252733663,0,0.929183335493818,0.754564993921778,0.74585996117346,0.767284807875269,0.791149670577098,0.70840323470934,0.798402160253676,0.780699510784353,0.760374230193312,0.876847802471271,0.914057332981677,0.822122999324552,0.652674902587756,0.753609626719059,0.806437828895729,0.77303507017139,0.970023578184984,0.922245694772644,0.798910958727626,0.840582513987307,0.839809675832751,0.860254155270105,0.777909977327529,0.799548268952281,0.828834354053546,0.91561271048992,0.76375596771196,0.793499798432599,0.876301486859751,0.914512092814626,0.773975723528578,0.931234029621764,0.883375790592455,0.781501591290476,0.797590727948623
0.883489040734251,0.801539347739862,0.876489050492806,0.842757841899078,0.849444184104003,0.8470896929433,0.823010650596607,0.866663173058396,0.978745596968211,0.910144945561288,0.82722236001778,0.893444268902859,0.881689149270618,0.932083790907627,0.846970867749596,0.857542207842654,0.770134629423521,0.858147912623108,0.773251926878629,0.918892805482148,0.825181654677176,0.952053078540332,0.816166888364771,0.800916664809621,0.742809409311455,0.908511056462479,0.913776597889912,0.811192402598124,0.929183335493818,0,0.912587700219317,0.966569024455863,0.804909730264373,0.853419872370909,0.879034362530467,0.903204670524212,0.788038310508617,0.89078071962918,0.953929942476929,0.781268994455728,0.876920557408711,0.927361091396447,0.850016215920979,0.791219070800547,0.875451368539856,0.847614873890608,0.934609748474078,0.814992525143206,0.805226187096208,0.82815574779926,0.85162870595186,0.854675944987756,0.797643138065359,0.874930990276451,0.758184306081332,0.963891283200619,0.837448310150427,0.799848776969424,0.706238296081388,0.84324368317706,0.980041427513254,0.825094140726008,0.965974011683548,0.840759615645066
0.829048192928797,0.913745190986032,0.930172661339175,0.861623208540016,0.905095585409879,0.896413179692755,0.858274095633979,0.825695005124208,0.804610375708103,0.777744523198082,0.876933982615787,0.855458721103545,0.87988961923312,0.959818656848317,1.01874500583032,0.794880551721539,0.91796737400485,0.837721696792951,0.852890850728387,0.77016412429813,0.752940215999018,0.799167006443087,0.83846945690887,0.836498144806943,0.853425680338104,0.728283518540467,0.754747892053723,0.85255601528182,0.754564993921778,0.912587700219317,0,0.847546233259706,0.851006837746403,0.832886204598725,0.793941331379341,0.848214574948103,0.834335806488285,0.813962454249133,0.870412761951083,0.973154837480714,0.852353795086312,0.741078345415314,0.823338488717922,0.862091398923196,0.858590144147273,0.898783849716525,0.975537072130104,0.980613914549787,0.896967422541783,0.846187435181785,0.881006267069644,0.846786448294369,0.850641862601865,0.841134923872991,0.913969863808624,0.817290305058428,0.889073445879586,0.947881859080453,1.003616037965,0.776148595510996,0.835157495542303,0.980210150988845,0.912316434202645,0.871391069903234
0.850717832719857,0.953629771900298,0.99276216119876,0.864599586054073,0.908523041951569,0.965843272552173,0.880469070163844,0.848388291340637,0.782003515456538,0.829676242541817,0.914476189949739,0.866984813839462,0.8713225610922,0.953043618385398,1.05912108825067,0.849857418322159,0.927903702943597,0.82551297799357,0.879346532000373,0.751211061635197,0.80341473297563,0.770376400911177,0.83805034114704,0.837836171614738,0.899769453350173,0.712011071979039,0.761237292931917,0.877854054405075,0.74585996117346,0.966569024455863,0.847546233259706,0,0.867736203081865,0.810663804752262,0.829470788999814,0.814107165091039,0.888181734048576,0.797416872074552,0.863486678760729,1.02143226496899,0.85021438952303,0.764828609392926,0.807084264963818,0.894194787814584,0.846885905777663,0.90840944727175,0.933953183483926,1.05506248628741,0.901362713320193,0.877873356713873,0.883304618272712,0.859229678560887,0.88913145746803,0.847969620206155,0.962871082192671,0.782480315962954,0.902422112225647,0.923864023784181,1.05298319171966,0.854763641101388,0.811912994958263,1.01393123229003,0.917539244870848,0.936700588306446
0.89808340958492,0.853832826461638,0.917577176356187,0.840973143178137,0.852682679732957,0.820880186377136,0.739668793415078,0.841574834255589,0.829804091505933,0.83414083878018,0.836084248487547,0.851423186096149,0.770825564501963,0.79370558771102,0.889318324162634,0.810173969577156,0.975050166938131,0.784152497929699,0.752704747000206,0.844065309494336,0.770429916445792,0.857601342881169,0.753428893928035,0.829986248845064,0.775907117289005,0.792925169041539,0.820069368966478,0.798481967813869,0.767284807875269,0.804909730264373,0.851006837746403,0.867736203081865,0,0.800791671999429,0.754635759957117,0.810183012501621,0.764407282234435,0.811871987614745,0.835055641335487,0.790324110099092,0.783714932342268,0.821538239030439,0.819754982355102,0.785868282686633,0.83367386920251,0.919140377663213,0.856205156281106,0.734565316272268,0.999033992964418,0.884159600712936,0.824410279086912,0.813281856923219,0.777288322841938,0.852781129842451,0.844675208886233,0.82756117930098,0.730021790237682,0.8260302635537,0.765444906577993,0.753205835941676,0.869940878498641,0.796068230613865,0.784374266250708,0.820969480605783
0.865643182565348,0.892128339919532,0.985093111614415,0.897655787967709,0.8654914346059,0.876637661892035,0.83218692277236,0.796804186323819,0.798045413282187,0.844822177757153,0.861071272625849,0.864157953302731,0.850026862115587,0.841356714769441,0.865067620565989,0.798942530690666,0.811462998928745,0.983571089506287,0.86170692518344,0.810673581438319,0.817897107970254,0.843066256198615,0.817085433205293,0.868601487167905,0.858911781635668,0.781225743970613,0.78638703670457,0.859109668532661,0.791149670577098,0.853419872370909,0.832886204598725,0.810663804752262,0.800791671999429,0,0.861428381106749,0.839853965067811,0.79852281497475,0.75670858952475,0.859362448876856,0.872791143230969,0.795504007447633,0.824848052945625,0.837778074795274,0.82705736581451,0.819705299830001,0.892204375745427,0.850125837869671,0.882339319460944,0.794409136056914,0.899064418834704,0.93828463979298,0.840108962351834,0.821182929935385,0.8265207754491,0.871743929501128,0.829098009636569,0.86975374759443,0.852657717848852,0.909869622988149,0.820196462147056,0.849668342739733,0.850886182361149,0.834247868446211,0.873294713923777
0.751211810255995,0.877555982224052,0.946433253719481,0.892625291329002,0.918119422405833,0.806608801954089,0.800942636559936,0.831617766597112,0.775268468766317,0.791122539590231,0.824566412306753,0.836643877375167,0.796164890140471,0.80031429668028,0.9214043137327,0.737819026637649,0.862591055741199,0.914000989449033,0.796957401356102,0.848033296446206,0.728372860732212,0.800423066888539,0.789208759572004,0.840826339107764,0.833809298013006,0.690105533173882,0.728662989878682,0.820852309571125,0.70840323470934,0.879034362530467,0.793941331379341,0.829470788999814,0.754635759957117,0.861428381106749,0,0.895901841404848,0.801337527671007,0.760512567455986,0.742326159703846,0.861281358243199,0.706372050070736,0.68858737023316,0.808014410316982,0.822320452633844,0.797021313706824,0.91284525165399,0.903829377603058,0.733855506802223,0.866825162522297,0.866944284183518,0.844759057460959,0.844275801136524,0.795292200821655,0.846647627617411,0.898649225743377,0.762438015936586,0.763087432038334,0.910972314498601,0.890337403500405,0.750290523051214,0.790090246029178,0.826495349390194,0.804039975118066,0.864354534023817
