0,0.836637670844289,0.844600413060936,0.851572406351775,0.892061593722361,0.839349245392234,0.819750565671543,0.856399730789375,0.791058993947087,0.828020566264857,0.748745622121666,0.786316311661528,0.798742396193517,0.818867725012173,0.86524589231346,0.804796666335127,0.990125052132697,0.80555986854928,0.79635531921397,0.832725638455821,0.813548895856262,0.809750941047432,0.801426108130578,0.838421649250022,0.875564821403575,0.821685102251274,0.799092144753757,0.896743821475301,0.811123307891058,0.863270409994903,0.873745744037403,0.819590261956801,0.934625739693678,0.867318384845093,0.787508359900834,0.814950712279351,0.832376377402062,0.822017690085888,0.796076963253403,0.882243736023256,0.814230545922671,0.773138900771563,0.8667502795267,0.833010415958337,0.80165511920113,0.871202238176938,0.856068993833662,0.80271155076272,0.979128399072454,0.932307623809775,0.840678667251222,0.771951245742275,0.777608575686882,0.870325088327877,0.909698764055875,0.79219259119047,0.747213157422313,0.848412635053223,0.860878482339377,0.77744281646744,0.755987750883281,0.848837726670099,0.797921388509018,0.820363564831313
0.836637670844289,0,0.957054326849861,0.877214202528751,0.843898909028817,0.888771592719813,0.833252282675149,0.868906396702352,0.833513472371123,0.869765382550814,0.776029028152338,0.799514907760183,0.80986309982581,0.812261695063543,0.855854084373487,0.81910434541851,0.949056570586512,0.903053490706285,0.857542814921135,0.851752714054179,0.828939499977795,0.838816968390609,0.842485727258987,0.856290213787708,0.880232711629993,0.855539538702031,0.84132348763169,0.901120325443668,0.853108157960201,0.872734822858879,0.882195773598221,0.852342815002611,0.890409195513565,0.888494091399683,0.867942048596465,0.861020778036832,0.850477260498169,0.827765143200916,0.842263185319622,0.902319947026139,0.866888181670639,0.837799502028231,0.850880359116303,0.851175911463957,0.811822949100453,0.869849801752618,0.870033355182966,0.853286408292785,0.890516484879118,0.939718852613144,0.903468716984674,0.808791988484208,0.833576476300667,0.88291711415228,0.900554407089154,0.840056937117229,0.788470622158866,0.862863555625085,0.834924539450751,0.830519490504477,0.831983610631262,0.839305062395527,0.814231341659529,0.824465724207128
0.844600413060936,0.957054326849861,0,0.961683198046467,0.829081975690568,0.871893246711642,0.835793061658376,0.877580127761929,0.880218924571014,0.870546523327768,0.820427235301642,0.826907580518848,0.845593528991441,0.849212024626683,0.839366406919481,0.861098250581142,0.929026561745573,0.915235786700999,0.879417433321304,0.889961300885587,0.842505343781482,0.89062583508683,0.868793042812648,0.888204512451413,0.883002666304808,0.853275949416303,0.884826000878951,0.889828202277703,0.909253616830175,0.873000137083623,0.889357714267151,0.903464156262256,0.878477149617989,0.944765404251581,0.888772462821071,0.881455600426717,0.891736924568674,0.863812068192459,0.873350004032133,0.88985614125466,0.896436522693454,0.871719452487919,0.856452864367933,0.865334368506998,0.845077686008788,0.877253311905826,0.88795047419024,0.840466965476022,0.917670925524726,0.911738638435375,0.994163159132829,0.817792403917737,0.857073636910385,0.895153666806528,0.907353961338696,0.879378676924099,0.849140403624995,0.853062267806382,0.850544941285981,0.837330428524704,0.840794889965296,0.844032802257895,0.840436963078537,0.844191119447363
0.851572406351775,0.877214202528751,0.961683198046467,0,0.869774596118895,0.908076316086178,0.869149400568983,0.85221890703615,0.835747345460972,0.88058610343281,0.803299931496042,0.830160708180525,0.851212461869333,0.870616990093591,0.842344385695951,0.844841498598137,0.874810052816773,0.966482707900472,0.861302299355041,0.8609421565958,0.856985550435415,0.844108593715692,0.86628672476765,0.846285655076815,0.907655311762486,0.87975671132255,0.853502333896709,0.904959378928189,0.858850073341189,0.881794008773268,0.887241308917392,0.8515092335728,0.8499074533269,0.961632172217177,0.932825288962202,0.888065559418934,0.865690785555418,0.843291214652149,0.851154096421321,0.89870192519562,0.826018544464233,0.856333457256232,0.882617107704673,0.863425959199331,0.826533534109329,0.858712279047039,0.841477926696526,0.865537750652417,0.794200463951977,0.914001633125186,0.994094999119707,0.852097372678738,0.836230725295833,0.856949514278311,0.86812749285811,0.820395019619751,0.806896746798377,0.892484238319983,0.861050671394321,0.831419887622851,0.85879718846819,0.845701971508977,0.826304265274888,0.861271127577114
0.892061593722361,0.843898909028817,0.829081975690568,0.869774596118895,0,0.938189221563269,0.881784048637918,0.888689847957275,0.937325582181983,0.932820568965512,0.894390758072383,0.886910620684968,0.886212579664457,0.922385946597985,0.864086223932728,0.897336491337049,0.927896627850656,0.911446096547041,0.955266272608829,1.03552097600629,1.05166437354488,0.89153811519293,0.932630424741949,0.883862803310895,0.906254165831099,0.896633424707056,0.90719826508644,0.880028288115884,0.870805991211782,0.867505839989932,0.89412839915904,0.884532120960839,0.873737997166085,0.831694929409789,0.92966962442988,0.957514014336032,1.00504027176757,0.930627342596668,0.987505208583004,0.898483337516224,0.902975914900534,0.964927281653346,0.877736369801136,0.885699764771918,0.880474731666448,0.864450103384772,0.865333196224063,0.890513958276236,0.896000209016482,0.857300414550868,0.8354431265829,1.09384322817388,0.907383361623959,0.898951137350161,0.860273022363595,0.908624012841661,0.901432595549652,0.890188378495772,0.860027572617905,0.900312360326686,0.940678099883232,0.861358326989721,0.894058322960755,0.866635484449973
0.839349245392234,0.888771592719813,0.871893246711642,0.908076316086178,0.938189221563269,0,0.97234625583616,0.876194622709132,0.894148452946628,0.863887888562217,0.855999715866305,0.8323300291483,0.826368054605493,0.870919482987435,0.904517769646915,0.867771364847429,0.941220371117933,0.865958171476011,0.868077246319955,0.915639456373473,0.900903512353721,0.966672700234407,0.911616269880931,0.935187903522144,0.913622095120519,0.908753402735582,0.892561103700879,0.948022700948749,0.880789357349037,0.909474563686382,0.89947842959251,0.931105785919195,0.852066493874012,0.901902004733707,0.846076641182512,0.869574809584167,0.825566444958759,0.96048923342936,0.901891448421328,0.984543721542907,1.00697411668077,0.83613207333017,0.895322622340388,0.865536934190212,0.905888782184289,0.889906990968661,0.906369949814202,0.812874466510196,0.892031143472443,0.8583434754988,0.860780856314211,0.86977028213181,1.00838328990764,0.946023031415817,0.903703989931274,0.903025297362726,0.88425933555784,0.879560502112205,0.881869417391467,0.833102093778017,0.879467246722061,0.900717627390733,0.90814329632,0.865772553637207
0.819750565671543,0.833252282675149,0.835793061658376,0.869149400568983,0.881784048637918,0.97234625583616,0,0.832192382567484,0.86310530405641,0.885208330180061,0.775399114932493,0.825558888857246,0.842315245982528,0.865383945214976,0.869555569364349,0.829635984346018,0.882492201387887,0.862290264579515,0.83632508925693,0.858682678991796,0.847229788924604,0.915713434577497,0.894805427667629,0.915415855966218,0.903408433786214,0.830926385965566,0.851744359216624,0.910124318998525,0.827203280852583,0.877187749521798,0.871506533208267,0.867860153918097,0.831365035356823,0.857910715814289,0.8423905461636,0.8504183408703,0.857725266173458,0.859895234617398,0.902727605546144,0.912213960631582,0.916381962258043,0.891174741362276,0.884573934784162,0.840229732382041,0.86631465021077,0.856659399477761,0.833127444251487,0.833097226349073,0.824782189895357,0.846596235264338,0.830957359591979,0.835752865978962,0.954971277910118,1.00092597739805,0.869605907531329,0.803367731796147,0.814410872423067,0.873370246265237,0.841241309661179,0.830997659679686,0.834336003579713,0.83765781059362,0.877635061559059,0.815828643088404
0.856399730789375,0.868906396702352,0.877580127761929,0.85221890703615,0.888689847957275,0.876194622709132,0.832192382567484,0,0.941154062103768,0.887205142701593,0.831405404209002,0.859173726221368,0.872586750145645,0.886877269294559,0.846926788847749,0.859236660894681,0.902302636156884,0.895230277413219,0.888275479814148,0.888810365913095,0.893524496518698,0.877840403205857,0.897530765106841,0.924741836661242,0.934061534902995,0.963683369113961,0.913122359198092,0.918841382683443,0.880267412096628,0.867128331478495,0.860289482375897,0.894453767262997,0.868841321510988,0.85086168124838,0.902876138553288,0.86383382210115,0.867646910710377,0.905286205114661,0.923025349990502,0.894760419578586,0.895166190531457,0.885401012941369,0.94825528742447,0.930152382688902,0.896179543333689,0.855235229606307,0.869639410768751,0.875032497741705,0.814401649175868,0.851736415609911,0.854259055135386,0.883834072528231,0.845228712303266,0.823046884738898,0.999217633027383,1.02044876784885,0.943065434972985,0.846654049860134,0.834157016536226,0.843238765595629,0.885079143992047,0.856999886592402,0.898926989563484,0.838286252719265
0.791058993947087,0.833513472371123,0.880218924571014,0.835747345460972,0.937325582181983,0.894148452946628,0.86310530405641,0.941154062103768,0,0.874287462787518,0.737110550498327,0.777600618271846,0.823989716768239,0.862520643266953,0.876740036613607,0.813686877620123,0.907510705811135,0.826759636953013,0.794122299386076,0.823530865752587,0.846256535611502,0.767373871432251,0.805445904579173,0.845338726296126,0.870457696215882,0.824783324508701,0.856162869006999,0.927412804074521,0.782212227630711,0.898200808216621,0.868235676697934,0.838581797446169,0.835237195771795,0.847704935298505,0.821176279235418,0.809952389087177,0.859633307829013,0.83825867796921,0.821572080673764,0.910709471060957,0.7986667157027,0.77818015160358,0.869001068853259,0.972772886679982,0.864161517364086,0.889323263329808,0.866305013506886,0.853516925443085,0.878068968497057,0.807572378692265,0.814541680668642,0.79303422892625,0.792187891769796,0.843326476822764,0.961837106703563,0.839818786830795,0.875866835719822,0.932366381284797,0.895905012664282,0.785141103485306,0.750087414998675,0.848162093084849,0.810028089741202,0.80009647163828
0.828020566264857,0.869765382550814,0.870546523327768,0.88058610343281,0.932820568965512,0.863887888562217,0.885208330180061,0.887205142701593,0.874287462787518,0,0.921168740446754,0.91684321708252,0.936924684646017,0.882102710648499,0.890544570285088,0.87582363710963,0.92027494540621,0.882931290118769,0.863996562415687,0.930206112598588,0.8743025807906,0.880812071596653,0.906968930968944,0.921195256185399,0.945614952596009,0.8738868810589,0.877249158150786,1.00625686664782,0.919714457422498,0.902933580927807,0.855749143156958,0.863658896603066,0.909133862523714,0.882785811992334,0.867185890405128,0.880625508101742,0.904591439382796,0.876727723852251,0.853348979999593,0.915497810317654,0.871196844961206,0.85141778438179,0.911317485642173,0.900332328899779,0.931820227980567,1.05709280750833,0.911866845849253,0.844650301016347,0.923704887012292,0.869620294166799,0.85530177460979,0.879276147785377,0.845640671124861,0.911486049704402,0.912406815936395,0.842036021003179,0.840945005310102,0.936740919873278,0.969445861491107,0.956167601219782,0.850175498048065,0.911248562326121,0.847168077145857,0.897957776967407
0.748745622121666,0.776029028152338,0.820427235301642,0.803299931496042,0.894390758072383,0.855999715866305,0.775399114932493,0.831405404209002,0.737110550498327,0.921168740446754,0,0.901461620687706,0.868297708745009,0.76515057318278,0.814064641792246,0.812798613150997,0.9056965380371,0.809370113208442,0.794283655019894,0.829627284267073,0.809878445234966,0.75790703376595,0.818863404287682,0.839291877207234,0.903023561611718,0.846977864310091,0.747802166053924,0.949206353909825,0.886965112488073,0.856826298476677,0.842359064214919,0.821776588503482,0.824137333920088,0.851666377044222,0.817674169240579,0.804335759312305,0.842622424747985,0.834316393266355,0.817855364773608,0.90511025626489,0.801450095626578,0.765088613572753,0.891777574047456,0.814820592026034,0.813735523400913,0.942615464254136,0.840378759325162,0.820438671300948,0.857387226100028,0.803113419843662,0.824374875965695,0.803954377374846,0.794237884183437,0.842041039863072,0.917542534212503,0.754808458866192,0.719402703939774,0.858649581864512,0.868625564880014,0.894665214596078,0.798372269277145,0.846691234703479,0.794140094168911,0.802449741990228
0.786316311661528,0.799514907760183,0.826907580518848,0.830160708180525,0.886910620684968,0.8323300291483,0.825558888857246,0.859173726221368,0.777600618271846,0.91684321708252,0.901461620687706,0,0.965706942120861,0.823838935964289,0.842699582309091,0.823071242205026,0.907906932126707,0.844819415663733,0.825910103890125,0.838756591520378,0.859163210582633,0.806409987304971,0.829061221916989,0.860545911596995,0.901184847487033,0.86302367363239,0.800553589737356,0.929268645994653,0.921744224790988,0.896715452584155,0.866863167908486,0.85613450312878,0.844844597337071,0.885190199047433,0.832434767397704,0.844225672352837,0.857412066216766,0.878003785228457,0.841368139212792,0.88849561154915,0.853506001493779,0.819010520058319,0.890724396828362,0.842926473441812,0.814488612570002,0.918940630918276,0.902675149191384,0.824821471760484,0.890960456859428,0.828705281976059,0.830963336281197,0.829921766352095,0.813959248700739,0.86686602442105,0.909198586219215,0.827482438577319,0.77925479774667,0.862889707073621,0.876805942923392,0.908591972386416,0.873016412455522,0.86510396327101,0.814752736880685,0.819340578018558
0.798742396193517,0.80986309982581,0.845593528991441,0.851212461869333,0.886212579664457,0.826368054605493,0.842315245982528,0.872586750145645,0.823989716768239,0.936924684646017,0.868297708745009,0.965706942120861,0,0.820447731922334,0.87571916260944,0.827338952026233,0.905598499901315,0.852817631945025,0.852342047631222,0.872185588809963,0.838122762118209,0.858303568184937,0.862598722866902,0.885906397979214,0.886369878484494,0.859591051978221,0.835815185089465,0.933610691038237,0.993534040064851,0.891601910254816,0.873967447234655,0.859538580591511,0.854458189923558,0.883478676928624,0.857352369624243,0.868099851912157,0.886322690316438,0.874973007218315,0.869282428718436,0.918706854239003,0.863799846052914,0.845115584931521,0.908346585908847,0.839647584255298,0.845025030010216,0.908250098098599,0.954383249509694,0.824507461575749,0.888620764859205,0.843616338592801,0.851174013407346,0.850920906381619,0.835056456231366,0.892219724115192,0.926854405217261,0.863658953252477,0.815405517703105,0.84241013169423,0.850680652616713,0.889059268141133,0.916401165818661,0.909049246527864,0.872235895052691,0.844513987886751
0.818867725012173,0.812261695063543,0.849212024626683,0.870616990093591,0.922385946597985,0.870919482987435,0.865383945214976,0.886877269294559,0.862520643266953,0.882102710648499,0.76515057318278,0.823838935964289,0.820447731922334,0,0.904331639231173,0.834748419554087,0.896577770427335,0.823292870056405,0.872682774800588,0.854443812504247,0.844393536407197,0.841669052135628,0.879097727577613,0.874083010708696,0.881792707307111,0.816524081789964,0.831032985033245,0.878696583417536,0.826391649819563,0.935793682874918,1.00768426869862,0.941542263153107,0.84144489681244,0.867720821524555,0.863068418841623,0.885942294921643,0.89803203163398,0.856262823970682,0.851111748306462,0.874899112111401,0.842499597564692,0.865720148120135,0.908413540258629,0.856546580093381,0.888526045263582,0.896192815877006,0.945801456367988,0.910328749069022,0.901496660580006,0.812874443414776,0.814068116132646,0.848017793378962,0.817278948947195,0.895209561331332,0.864037589254893,0.842867681905066,0.797424031549576,0.887795430964523,0.868338970277216,0.74983307744816,0.846805312773879,0.94535179602993,1.02790565444116,0.821685085341373
0.86524589231346,0.855854084373487,0.839366406919481,0.842344385695951,0.864086223932728,0.904517769646915,0.869555569364349,0.846926788847749,0.876740036613607,0.890544570285088,0.814064641792246,0.842699582309091,0.87571916260944,0.904331639231173,0,0.991976758580678,0.910327713506474,0.903755452133929,0.892837277060251,0.903777656358111,0.911691777272288,0.882464496934166,0.899220546097427,0.907536200160354,0.900657483665996,0.917205117701877,0.869242461777977,0.906305173470033,0.873408953090131,0.882489535529501,0.937406848502114,0.946199087496637,0.883902364103537,0.874406153442433,0.893879364344456,0.887490530207826,0.914944006487731,0.867229415339225,0.89695857291907,0.887274384854364,0.871484924394003,0.912874114895034,0.920388045435618,0.908233213438324,0.869425506813188,0.875298336847473,0.886239460895658,1.03370115416776,0.878132722882278,0.849133708256816,0.840360455029584,0.91827260928412,0.872381123302032,0.883618224899926,0.896946560447842,0.872416750447158,0.865722239488968,0.891914783939567,0.877948560893974,0.876826056122966,0.867292929093408,0.84984368189529,0.912270382603551,1.00482873521902
0.804796666335127,0.81910434541851,0.861098250581142,0.844841498598137,0.897336491337049,0.867771364847429,0.829635984346018,0.859236660894681,0.813686877620123,0.87582363710963,0.812798613150997,0.823071242205026,0.827338952026233,0.834748419554087,0.991976758580678,0,0.904589101554451,0.87461613170704,0.841141500198309,0.860741355690474,0.842449664492214,0.844322565886849,0.859751139422517,0.874667381899924,0.912078800751116,0.849640555345699,0.815040971347236,0.90581650848656,0.820582007486734,0.846277136498315,0.873400478691361,0.927631139490932,0.846752331622169,0.857614965890471,0.834251058188221,0.870200345004585,0.855003205463115,0.852869310170532,0.849978703345719,0.930311359554858,0.848810637831628,0.806825440509409,0.883640146950623,0.842512907045708,0.847489730428831,0.912048939589411,0.871897091258207,0.935895981575071,0.872191286368516,0.843841011999599,0.818600213767388,0.82470015618323,0.82032924671127,0.853138894141107,0.932304487435712,0.802478283032449,0.802357611566285,0.857262056049296,0.864739841856009,0.810074304428095,0.781876149723948,0.819353455280151,0.787707944301859,1.03914883243517
0.990125052132697,0.949056570586512,0.929026561745573,0.874810052816773,0.927896627850656,0.941220371117933,0.882492201387887,0.902302636156884,0.907510705811135,0.92027494540621,0.9056965380371,0.907906932126707,0.905598499901315,0.896577770427335,0.910327713506474,0.904589101554451,0,0.846996415499634,0.857214737029766,0.890818503215918,0.903579559746645,0.862024056170288,0.863928307114577,0.865654109340812,0.900688737405567,0.882136344917631,0.896608612741654,0.899624312819744,0.879782657507534,0.88975138134614,0.889658249735846,0.902043368751274,1.02812471262795,0.828946852351019,0.866747255286873,0.86379885029845,0.856449902003099,0.87511506811439,0.936309004512095,0.903754792867903,0.901961730984965,0.871929452914685,0.917120015753208,0.880861599451062,0.919129732349724,0.907842647897979,0.876903802195028,0.885826308006474,1.06500219997412,0.975603217998962,0.884794997244248,0.910076373855327,0.848073672120203,0.842033835623915,0.88524947382003,0.871024114730969,0.886578251185423,0.873312843293081,0.90188433682798,0.886271960921526,0.884870589514063,0.868127850790639,0.871303623064373,0.895775917422668
0.80555986854928,0.903053490706285,0.915235786700999,0.966482707900472,0.911446096547041,0.865958171476011,0.862290264579515,0.895230277413219,0.826759636953013,0.882931290118769,0.809370113208442,0.844819415663733,0.852817631945025,0.823292870056405,0.903755452133929,0.87461613170704,0.846996415499634,0,0.846232826184017,0.835241241710738,0.84450392256355,0.800787319969339,0.787459848504541,0.811156104178012,0.856753228529685,0.821038289877225,0.808988955648843,0.864751697083301,0.818263305111595,0.878677102210675,0.84492580671853,0.800412778908683,0.802943568811489,1.01292009583558,0.917735780130346,0.885011346181477,0.840617471490491,0.825007005912369,0.789342288386365,0.886189764688162,0.830077278861066,0.732918287327131,0.830093267467038,0.831848498984372,0.816155200201034,0.865462259096898,0.843166553929585,0.809813120493227,0.885847459805423,0.879009734498295,0.953867516968234,0.80280308638697,0.822397532126051,0.876573696244993,0.942193542716549,0.825721218546499,0.790540859725228,0.879671870656432,0.879993310260816,0.829742388002075,0.77589315069455,0.89476618641886,0.821884511375615,0.852405934220685
0.79635531921397,0.857542814921135,0.879417433321304,0.861302299355041,0.955266272608829,0.868077246319955,0.83632508925693,0.888275479814148,0.794122299386076,0.863996562415687,0.794283655019894,0.825910103890125,0.852342047631222,0.872682774800588,0.892837277060251,0.841141500198309,0.857214737029766,0.846232826184017,0,0.884029946158454,0.81855258517934,0.746665801569693,0.780969869853747,0.782786070419581,0.854508014729733,0.787786816847217,0.794083969446139,0.860052422058973,0.809916189550007,0.81525047252276,0.819129235057829,0.801838745997321,0.806007290465222,0.855996239073695,0.849168631344491,0.922148102261558,0.949818966551832,0.802505310639095,0.792120297671253,0.882243358901965,0.785891278268124,0.735833895814093,0.850516908262981,0.794240633386079,0.805452289556829,0.839825976725391,0.799414936483364,0.81411865627836,0.874637708905105,0.834512488482284,0.8520412789584,0.869921581921843,0.786075790403079,0.865557989313121,0.918161225618515,0.812988306147604,0.757709858966437,0.880953057728249,0.875538901844672,0.828443027065127,0.78422496611883,0.81944902803228,0.786757108668134,0.843156754904397
0.832725638455821,0.851752714054179,0.889961300885587,0.8609421565958,1.03552097600629,0.915639456373473,0.858682678991796,0.888810365913095,0.823530865752587,0.930206112598588,0.829627284267073,0.838756591520378,0.872185588809963,0.854443812504247,0.903777656358111,0.860741355690474,0.890818503215918,0.835241241710738,0.884029946158454,0,0.890228904021794,0.754753541615802,0.799011128783078,0.811645243055879,0.875674005136942,0.841552342280677,0.784306748238292,0.859489449075705,0.795597532223267,0.861130215035576,0.842159981686168,0.809171787142978,0.84750062942041,0.867979861825506,0.863732266120236,0.872082747489061,0.994148936554985,0.888557932889046,0.863006781817836,0.928981850792102,0.83903348078916,0.790824252323252,0.851696254302939,0.853206557837386,0.82138926348929,0.883265838392782,0.8305625840682,0.868053636170063,0.881725240441787,0.821290507283065,0.872894886830647,0.953328625851079,0.80303474559204,0.825610627601786,0.91227803412374,0.822073516995018,0.79609081228713,0.874850693272837,0.915952917801171,0.845214956979174,0.804467627928291,0.855814045947569,0.838116344527786,0.88472095453817
0.813548895856262,0.828939499977795,0.842505343781482,0.856985550435415,1.05166437354488,0.900903512353721,0.847229788924604,0.893524496518698,0.846256535611502,0.8743025807906,0.809878445234966,0.859163210582633,0.838122762118209,0.844393536407197,0.911691777272288,0.842449664492214,0.903579559746645,0.84450392256355,0.81855258517934,0.890228904021794,0,0.797868335167842,0.767697436988585,0.792827485600725,0.839912472924552,0.819880163173825,0.796555405910937,0.88106500990535,0.840979750653175,0.864565818813144,0.824625797000644,0.848476598422952,0.823006368620454,0.861775763930891,0.787318662555673,0.826479319272408,0.855905335558637,0.945639551595437,0.894540062869348,0.971574500897793,0.870903166670265,0.6961813704094,0.840311238914218,0.80743236397214,0.819735982281706,0.858305977101811,0.840736872515835,0.787230077999732,0.915023188557628,0.860067376988719,0.842341754435972,0.873981688503879,0.849412142417711,0.87400139107691,0.970567287210439,0.841071898183504,0.817119784526006,0.856796333045092,0.866005789226864,0.831815566781591,0.792995257585203,0.859928453165829,0.812121104293711,0.877190458345057
0.809750941047432,0.838816968390609,0.89062583508683,0.844108593715692,0.89153811519293,0.966672700234407,0.915713434577497,0.877840403205857,0.767373871432251,0.880812071596653,0.75790703376595,0.806409987304971,0.858303568184937,0.841669052135628,0.882464496934166,0.844322565886849,0.862024056170288,0.800787319969339,0.746665801569693,0.754753541615802,0.797868335167842,0,0.836267798610041,0.812629153180249,0.900971694673374,0.803356172988213,0.760337408937231,0.874431102994077,0.800708441235029,0.851898009811739,0.835111492576832,0.812376880718969,0.813715409127707,0.825254956683048,0.813124309852437,0.771814840142318,0.825164881802516,0.806200077580859,0.782154251861314,0.956118496850015,0.814436462204597,0.847055357949747,0.882246195931299,0.842711703522863,0.783592472944808,0.874445615556198,0.810345201683539,0.841467426958251,0.884991749561607,0.843040735405242,0.851417107924304,0.774067382570473,0.835608398406548,0.987792904916593,0.913390627674572,0.766948226749546,0.723744103684384,0.898699686345671,0.896663519898249,0.803259922506393,0.745934342468542,0.819246893627245,0.787918636910652,0.840074331331773
0.801426108130578,0.842485727258987,0.868793042812648,0.86628672476765,0.932630424741949,0.911616269880931,0.894805427667629,0.897530765106841,0.805445904579173,0.906968930968944,0.818863404287682,0.829061221916989,0.862598722866902,0.879097727577613,0.899220546097427,0.859751139422517,0.863928307114577,0.787459848504541,0.780969869853747,0.799011128783078,0.767697436988585,0.836267798610041,0,0.915807528445997,0.92190657344402,0.834839250886172,0.769112883223354,0.871351156286258,0.777436782317252,0.841338624438276,0.824968722491728,0.794098404270079,0.836150467143756,0.872393566889908,0.791021797867012,0.810360479802951,0.86673062526995,0.78662810382717,0.771798778030756,0.919692941195304,0.817876167075606,0.886073724580624,0.901170150879848,0.81760801256274,0.814520832371999,0.874712850460225,0.834116462272718,0.83391351281674,0.924963795662818,0.840102776730611,0.848893545578236,0.808644759826773,0.842630413351801,0.940584653404986,0.939161709017743,0.79723354814373,0.760818247196783,0.859371644946755,0.894753642972358,0.833365223980903,0.763812206461742,0.864855000806393,0.812179166664495,0.846840323707409
0.838421649250022,0.856290213787708,0.888204512451413,0.846285655076815,0.883862803310895,0.935187903522144,0.915415855966218,0.924741836661242,0.845338726296126,0.921195256185399,0.839291877207234,0.860545911596995,0.885906397979214,0.874083010708696,0.907536200160354,0.874667381899924,0.865654109340812,0.811156104178012,0.782786070419581,0.811645243055879,0.792827485600725,0.812629153180249,0.915807528445997,0,0.972114952316538,0.852430685570852,0.779862081944133,0.815821500395667,0.788514343123378,0.815595330111794,0.836895787701169,0.790173127694548,0.845556777645549,0.861504092112836,0.848119456668176,0.845343454926842,0.874342721469622,0.801076839721332,0.804265965086804,0.880688186848952,0.828417242241594,0.878619700119028,0.933529201545665,0.84443786042365,0.823628548382664,0.881109128209038,0.845615284254351,0.858686598225134,0.903536852012948,0.858574598221278,0.860286179905274,0.838455182118174,0.845699744728502,0.940908544546919,0.938180079345217,0.828790028779291,0.809047370260132,0.887508031800474,0.894981958272037,0.869808528061631,0.826368697773046,0.840240487065046,0.834622737422051,0.881237045823541
0.875564821403575,0.880232711629993,0.883002666304808,0.907655311762486,0.906254165831099,0.913622095120519,0.903408433786214,0.934061534902995,0.870457696215882,0.945614952596009,0.903023561611718,0.901184847487033,0.886369878484494,0.881792707307111,0.900657483665996,0.912078800751116,0.900688737405567,0.856753228529685,0.854508014729733,0.875674005136942,0.839912472924552,0.900971694673374,0.92190657344402,0.972114952316538,0,0.892798994274871,0.835649463919728,0.851195379812156,0.839851526960539,0.843577553801576,0.845745991991607,0.832902522998055,0.868474659246166,0.877705086502568,0.854123894095802,0.909891581711943,0.893607057740427,0.861723198779462,0.874106453020333,0.85753582196706,0.87527667844693,0.909005101170769,1.0070733874833,0.862185474209772,0.887502583130931,0.894083982717588,0.899012377799673,0.874982814594936,0.90093908434772,0.874671968007299,0.871065219416685,0.881172471407182,0.895432431488946,0.934304160677675,0.966711842193208,0.894063843041955,0.899060141268975,0.859670855554231,0.83971454230739,0.90686810978994,0.882526308389282,0.848751927979184,0.881889063157173,0.881903192622697
0.821685102251274,0.855539538702031,0.853275949416303,0.87975671132255,0.896633424707056,0.908753402735582,0.830926385965566,0.963683369113961,0.824783324508701,0.8738868810589,0.846977864310091,0.86302367363239,0.859591051978221,0.816524081789964,0.917205117701877,0.849640555345699,0.882136344917631,0.821038289877225,0.787786816847217,0.841552342280677,0.819880163173825,0.803356172988213,0.834839250886172,0.852430685570852,0.892798994274871,0,0.765541870176364,0.838404040591317,0.806502853335745,0.846676918971726,0.825247967818145,0.791229440263085,0.847047650198077,0.861954364550086,0.784817304757703,0.86491608862068,0.841890458566745,0.798529650154634,0.809203131468144,0.912593803513074,0.819823407788972,0.808691792585268,0.965610225071711,0.84743512519895,0.806605506691358,0.890024031767778,0.901293128541619,0.83595186277684,0.900175743245086,0.861037514636972,0.841767271693246,0.804007131366591,0.825096161096933,0.897126944720359,0.999745412285013,0.851162526370644,0.820253004532304,0.845570518275577,0.876710445092293,0.855802421675655,0.818103151938623,0.843337428485065,0.802095896555412,0.870821608213823
0.799092144753757,0.84132348763169,0.884826000878951,0.853502333896709,0.90719826508644,0.892561103700879,0.851744359216624,0.913122359198092,0.856162869006999,0.877249158150786,0.747802166053924,0.800553589737356,0.835815185089465,0.831032985033245,0.869242461777977,0.815040971347236,0.896608612741654,0.808988955648843,0.794083969446139,0.784306748238292,0.796555405910937,0.760337408937231,0.769112883223354,0.779862081944133,0.835649463919728,0.765541870176364,0,0.920058905316927,0.796389619565985,0.861985195701033,0.831523268655743,0.818213696161885,0.811995714489063,0.846465076335028,0.76958138751408,0.793920864577642,0.796343641480149,0.805362992197302,0.794740657667446,0.91630937491713,0.795161929317237,0.704852901480346,0.81329390470682,0.952722049818713,0.876685459952468,0.917838309236916,0.849832699292683,0.813526862117297,0.872850344569097,0.831561540981019,0.833744737522175,0.749997651087191,0.792210933216281,0.849774419508732,0.932612098798453,0.829139506651138,0.803765541035615,0.990603841015455,0.924589773549828,0.771414962683943,0.730725502090054,0.831347127831018,0.80070130706343,0.837928790858787
0.896743821475301,0.901120325443668,0.889828202277703,0.904959378928189,0.880028288115884,0.948022700948749,0.910124318998525,0.918841382683443,0.927412804074521,1.00625686664782,0.949206353909825,0.929268645994653,0.933610691038237,0.878696583417536,0.906305173470033,0.90581650848656,0.899624312819744,0.864751697083301,0.860052422058973,0.859489449075705,0.88106500990535,0.874431102994077,0.871351156286258,0.815821500395667,0.851195379812156,0.838404040591317,0.920058905316927,0,0.878235175130724,0.852086015102091,0.867094628669795,0.861781822889991,0.878841853750371,0.874482471548373,0.848822684115003,0.898649490521323,0.871316231697774,0.846429022102516,0.881931732450113,0.888991543988721,0.880961678661619,0.866307998234633,0.839480097206058,0.920357661559327,0.94498902715729,0.997874919556778,0.874601091714337,0.885802748521034,0.890170443675436,0.892171056681923,0.874465516916045,0.884055997358047,0.870059126631618,0.890566443061277,0.910676723632325,0.874641259334358,0.893618855547066,0.961689948382236,1.0249658818291,0.971162648311034,0.858222478908308,0.855214991523444,0.827748976584453,0.919308474983504
0.811123307891058,0.853108157960201,0.909253616830175,0.858850073341189,0.870805991211782,0.880789357349037,0.827203280852583,0.880267412096628,0.782212227630711,0.919714457422498,0.886965112488073,0.921744224790988,0.993534040064851,0.826391649819563,0.873408953090131,0.820582007486734,0.879782657507534,0.818263305111595,0.809916189550007,0.795597532223267,0.840979750653175,0.800708441235029,0.777436782317252,0.788514343123378,0.839851526960539,0.806502853335745,0.796389619565985,0.878235175130724,0,0.906514017469174,0.828182717632773,0.817328540690027,0.824531727017711,0.845829644679096,0.800527236269822,0.809100836167379,0.805796719343704,0.834629140574491,0.855319089687194,0.893238799066897,0.848684347711945,0.741423455637687,0.827271453408052,0.829704421766032,0.813734450215413,0.893594354797964,0.944608363992024,0.848923691702107,0.858983952772626,0.864163539199558,0.868015548908298,0.776650216767421,0.8280069622032,0.839573353157286,0.924733636323686,0.829889171118914,0.802142883592991,0.828731893270314,0.844629636922555,0.872783880840459,0.909169208703125,0.861579442466959,0.828290025533534,0.842936132590266
0.863270409994903,0.872734822858879,0.873000137083623,0.881794008773268,0.867505839989932,0.909474563686382,0.877187749521798,0.867128331478495,0.898200808216621,0.902933580927807,0.856826298476677,0.896715452584155,0.891601910254816,0.935793682874918,0.882489535529501,0.846277136498315,0.88975138134614,0.878677102210675,0.81525047252276,0.861130215035576,0.864565818813144,0.851898009811739,0.841338624438276,0.815595330111794,0.843577553801576,0.846676918971726,0.861985195701033,0.852086015102091,0.906514017469174,0,0.923015463559032,0.90571364708834,0.873408195785558,0.85714645176963,0.847660971750557,0.899590358099698,0.853430816298506,0.864041719934239,0.882164275033924,0.892255794461815,0.893987307529456,0.844164758297992,0.875271345326795,0.879024502063511,0.874761459955306,0.84066857144417,0.967388698244834,0.915929545488861,0.863084760563564,0.853349736506843,0.857742174341865,0.841739141081006,0.860683835279359,0.843512007084121,0.899019833026679,0.875747538558179,0.85408932437891,0.853110427998779,0.815879439614082,0.848304730312686,0.907127377065031,0.949396029056687,0.98200177851016,0.82182575583373
0.873745744037403,0.882195773598221,0.889357714267151,0.887241308917392,0.89412839915904,0.89947842959251,0.871506533208267,0.860289482375897,0.868235676697934,0.855749143156958,0.842359064214919,0.866863167908486,0.873967447234655,1.00768426869862,0.937406848502114,0.873400478691361,0.889658249735846,0.84492580671853,0.819129235057829,0.842159981686168,0.824625797000644,0.835111492576832,0.824968722491728,0.836895787701169,0.845745991991607,0.825247967818145,0.831523268655743,0.867094628669795,0.828182717632773,0.923015463559032,0,0.945720458628192,0.865725643822201,0.861735599278688,0.831721018623271,0.862049007612786,0.85985601479994,0.840128126017182,0.853928459376308,0.900946645988988,0.865922422391613,0.831038621592527,0.850662050472675,0.89142332757558,0.894947338856515,0.872961483902365,0.926865833480028,0.927417884861114,0.876203887390794,0.866540784640722,0.852674147425943,0.862683876698819,0.868909257922133,0.869221812819601,0.89505674597564,0.865386983687533,0.871838459203592,0.895334297004855,0.864462211600767,0.810622406393176,0.853391489023337,0.91701345824375,0.928545250558814,0.906665918473189
0.819590261956801,0.852342815002611,0.903464156262256,0.8515092335728,0.884532120960839,0.931105785919195,0.867860153918097,0.894453767262997,0.838581797446169,0.863658896603066,0.821776588503482,0.85613450312878,0.859538580591511,0.941542263153107,0.946199087496637,0.927631139490932,0.902043368751274,0.800412778908683,0.801838745997321,0.809171787142978,0.848476598422952,0.812376880718969,0.794098404270079,0.790173127694548,0.832902522998055,0.791229440263085,0.818213696161885,0.861781822889991,0.817328540690027,0.90571364708834,0.945720458628192,0,0.836121181433707,0.872233332099439,0.822484469064821,0.836351395350784,0.867385143042008,0.823119674445981,0.815375787511364,0.897697326608544,0.836739418932152,0.812536916111109,0.841131629616493,0.865982668280045,0.828775001287092,0.867838847882889,0.866178114058031,0.970075237299281,0.89057570302443,0.849951811878027,0.868556845268396,0.813701746082902,0.836943159245378,0.871491715053953,0.894486471584844,0.82317727639118,0.816525553157667,0.876391237727223,0.882746616843819,0.835421578174597,0.82097329437162,0.900370372688634,0.870839145658011,0.899861438503173
0.934625739693678,0.890409195513565,0.878477149617989,0.8499074533269,0.873737997166085,0.852066493874012,0.831365035356823,0.868841321510988,0.835237195771795,0.909133862523714,0.824137333920088,0.844844597337071,0.854458189923558,0.84144489681244,0.883902364103537,0.846752331622169,1.02812471262795,0.802943568811489,0.806007290465222,0.84750062942041,0.823006368620454,0.813715409127707,0.836150467143756,0.845556777645549,0.868474659246166,0.847047650198077,0.811995714489063,0.878841853750371,0.824531727017711,0.873408195785558,0.865725643822201,0.836121181433707,0,0.826028249285816,0.796214680070732,0.811698480455412,0.823365307129023,0.832303470696565,0.8167451285832,0.85643628670421,0.823902880595083,0.807400032170036,0.854656514403788,0.851173571306058,0.826081864174556,0.869466248098932,0.853458200163683,0.85378466909697,1.03243110118653,0.906496571435283,0.864113420389994,0.799002792376204,0.831446152922571,0.862169346887742,0.904052119587058,0.838490568260795,0.792307714486343,0.813973811920318,0.829359255971817,0.831207274611915,0.822947733762725,0.847867819871572,0.832340636055642,0.824271984189443
0.867318384845093,0.888494091399683,0.944765404251581,0.961632172217177,0.831694929409789,0.901902004733707,0.857910715814289,0.85086168124838,0.847704935298505,0.882785811992334,0.851666377044222,0.885190199047433,0.883478676928624,0.867720821524555,0.874406153442433,0.857614965890471,0.828946852351019,1.01292009583558,0.855996239073695,0.867979861825506,0.861775763930891,0.825254956683048,0.872393566889908,0.861504092112836,0.877705086502568,0.861954364550086,0.846465076335028,0.874482471548373,0.845829644679096,0.85714645176963,0.861735599278688,0.872233332099439,0.826028249285816,0,0.911144834530025,0.882955247718364,0.858575094881315,0.794901826284373,0.857083348499082,0.862375400816335,0.828784753346149,0.857677461712747,0.874087893983871,0.856867449967803,0.83040608861932,0.859353984491402,0.856794493738579,0.8682571596585,0.837946056603299,0.915694334163216,0.954034902070505,0.858182893878369,0.862054355281134,0.866307982697886,0.885021929717298,0.879049110440225,0.849096534537894,0.843201109480895,0.847152628780715,0.876231682888795,0.848322499944284,0.847341886328245,0.852609160991848,0.860011207901326
0.787508359900834,0.867942048596465,0.888772462821071,0.932825288962202,0.92966962442988,0.846076641182512,0.8423905461636,0.902876138553288,0.821176279235418,0.867185890405128,0.817674169240579,0.832434767397704,0.857352369624243,0.863068418841623,0.893879364344456,0.834251058188221,0.866747255286873,0.917735780130346,0.849168631344491,0.863732266120236,0.787318662555673,0.813124309852437,0.791021797867012,0.848119456668176,0.854123894095802,0.784817304757703,0.76958138751408,0.848822684115003,0.800527236269822,0.847660971750557,0.831721018623271,0.822484469064821,0.796214680070732,0.911144834530025,0,0.904329579253931,0.866955468908016,0.76761615836278,0.751386489053051,0.848613222736918,0.750443599227083,0.741251760165593,0.842210132413769,0.795622142644212,0.794678376757655,0.843115320064822,0.842832926755217,0.789498818068327,0.899672442818041,0.84974137443368,0.870868416691621,0.821717718046544,0.79740698504865,0.872495071772769,0.93159725006564,0.779500472034523,0.794236734334771,0.869026631909532,0.880500104787808,0.801925815643522,0.778158547796845,0.856385205483123,0.839465626173648,0.858020032219285
