0,0.954172290984199,0.897631652381819,0.797067781290171,0.786198672199676,0.73125820646902,0.819430376924596,0.847607253779714,0.69880331336391,0.843029884271454,0.844701573123603,0.890927547190842,0.776731508395149,0.714429405348864,0.844348390816487,0.804238108327087,0.871728332678795,0.961704557851665,0.971949641443554,0.855527077070009,0.827788273503681,0.828834609865945,0.930465424237106,0.877183024912255,0.735628525065393,0.870828270092773,0.864473086454461,0.839876843906689,0.846402710357437,0.860999836974138,0.863726496937346,0.815995258500329,0.890871059041655,0.778071135233202,0.824869670743808,0.906251963263127,0.820264496992291,0.847482194098651,0.857590685848758,0.906043476277444,0.770253019042487,0.721489598642465,0.92918903927227,0.910278393636524,0.693129551225378,0.877302611681612,0.816922989414802,0.80205946200053,0.803861876104339,0.793062717955818,0.696636660077341,0.805268991736211,0.827848563462788,0.712718689255701,0.803278300132344,0.930719108476468,0.712003268784589,0.85476396209191,0.812537399149979,0.728101799303546,0.797460190070848,0.871529416118709,0.834923283633875,0.855348809232572
0.954172290984199,0,0.968633428285436,0.685974307666384,0.725558348908431,0.911373086301235,0.751911923827249,0.755906567397738,0.845733180846689,0.748567940307315,0.740884312403524,0.869407726504708,0.877714550614372,0.824942782578817,0.750525421773226,0.814703123715039,0.699694102191874,0.815534990937315,0.78501651793308,0.818421385902616,0.715952671774443,0.885018086446511,0.851638338143601,0.743615493946272,0.816131429388278,0.741714248849458,0.824657111530556,0.756276837660945,0.745182082564463,0.800756648798185,0.808877089958828,0.837614096466388,0.778840278287594,0.932122528611884,0.888738856273447,0.803879005948662,0.816495080419674,0.793922201068765,0.844635085192657,0.711804876561671,0.726232093173681,0.89149833510753,0.908012968104414,0.809625652717984,0.871635692299542,0.837030581363128,0.846202944424536,0.865624049763928,0.959722788207759,0.894980217244193,0.880561492188764,0.913523291075216,0.704385304734385,0.7996529083646,0.869096037134113,0.794736793964018,0.923146053381034,0.801083556751791,0.818558258784123,0.835915563753444,0.786891056370699,0.704641987939999,0.744701315117485,0.770608566240469
0.897631652381819,0.968633428285436,0,0.832789632993949,0.80619384121445,0.732261157269216,0.701679371094775,0.849257894315177,0.589808096154862,0.72068649152381,0.818708459124896,0.658934383084254,0.677157297311935,0.691729075292452,0.946864831873651,0.753553703226562,0.868333706856154,0.889596198850612,0.957670721920589,0.951629634638135,0.881796511084558,0.857059465662575,0.737910783933845,0.907658673812722,0.734286181246589,0.910734112530174,0.785950557021169,0.968337274572665,0.791610010700467,0.786946437171241,0.821032283430509,0.725193487193544,0.894133984888726,0.839365232861626,0.684989620154264,0.90208047095206,0.836528494680178,0.917709410474155,0.601186873141764,0.912129667907617,0.796182651888974,0.856322441632832,0.844069642207681,0.974576513251099,0.79784801851905,1.03025034263334,0.795247120211516,0.775463420593198,1.00269661362896,0.836524045310928,0.723427795154546,0.952596295195988,0.793510079009814,0.876752788666134,0.784724826727084,0.876032943877555,0.735535667611715,0.760833521096287,0.911228763440627,0.775341953381832,0.710516610371078,0.803265785421167,0.862708061834474,0.831526537997128
0.797067781290171,0.685974307666384,0.832789632993949,0,0.92177903902985,0.900885949327671,0.742740612864898,0.82963899485134,0.793526702337756,0.780490379425842,0.735699160780096,0.914920826230746,0.875093864476224,0.810352337535898,0.748396934973751,0.782359074466894,0.757232100787258,0.829531321791567,0.710565867910166,0.958955984825261,0.938537417516679,0.86873579707866,0.835279737836138,0.802714823114702,0.803960189645804,0.717204285695567,0.862537198376816,0.722535238155526,0.716655003806856,0.855488963006207,0.852112313425845,0.859587999750453,0.846532688183662,0.884694209541076,0.821733152107218,0.749458231269254,0.782680513226774,0.899613647452388,0.837094548784128,0.687470035959159,0.757038451662066,0.817262510373687,0.897289437316505,0.798689583662267,0.813930903640959,0.826862063164728,0.799523880340918,0.910312413722418,0.811343853688565,0.829390682171668,0.94055280587515,0.827314139284684,0.703559098894916,0.794415432013737,0.855869914814829,0.774309407568644,0.848521224423085,0.853510151470655,0.798942722868173,0.782752979849297,0.842022526612691,0.682789378530812,0.741833892963626,0.758344875646176
0.786198672199676,0.725558348908431,0.80619384121445,0.92177903902985,0,0.879473105899951,0.882692636824739,0.70380204969006,0.826052145591812,0.76135344485246,0.809579247726434,0.722720448002229,0.764389377568721,0.824656131091314,0.847560043782078,0.836384384727666,0.75341384281111,0.729870882546202,0.741352295527607,0.74373844303774,0.815631923416013,0.777707361017086,0.846129140271909,0.753122121720121,0.754763001608915,0.844175153674295,0.703092539205065,0.835500920203668,0.834648874916366,0.6383907569443,0.710205593106707,0.699101644945505,0.805517544644626,0.9506954589395,0.869453918158912,0.769787299518871,0.854387974810086,0.80356543950946,0.922675196764096,0.903374450145707,0.704889160865723,0.929980955366663,0.845087655052297,0.905934226472428,0.849299729852331,0.838273310065176,0.867371064429733,0.706206251630254,0.88512774569717,0.884966874271377,0.916123751543539,0.888533977244407,0.744320708502644,0.837961329788746,0.849582456810055,0.964847007730859,0.899521102471236,0.69121560542087,0.85306788080933,0.834544751796993,0.724000489703468,0.877891112549839,0.816572938757924,0.879563316039558
0.73125820646902,0.911373086301235,0.732261157269216,0.900885949327671,0.879473105899951,0,0.895456368674173,0.900247614575609,0.609745748888701,0.720222727392045,0.888106248548401,0.7724477459963,0.811557393869696,0.685213380345512,0.948982570840003,0.794988966061613,0.884355895065051,0.939428148263634,0.902752345719266,0.954619289674405,0.923277103404143,0.902313591751014,0.833791724542928,0.936523058546597,0.78158208235571,0.945415397632321,0.897221124105174,0.935382394687613,0.831163170112949,0.814597225079014,0.890974852946023,0.721654372929157,0.935581546828576,0.798486677154593,0.695944558616378,0.842425824237719,0.741127815947188,0.895213660112505,0.929807988985857,1.021353378623,0.831367197432676,0.781912561432957,0.914121089947646,0.929345834042056,0.679966119940565,0.915728286850662,0.724395486491914,0.79351715827305,0.740308839614889,0.842227279632128,0.707540176676662,0.861886314227815,0.887284544780151,0.794647178874827,0.743054825524337,0.913667208975237,0.738002576644279,0.848174048809346,0.82047399600318,0.79700640910654,0.849380813217689,0.915646433330145,0.910097567653323,0.884566266939708
0.819430376924596,0.751911923827249,0.701679371094775,0.742740612864898,0.882692636824739,0.895456368674173,0,0.819700573450175,0.725689397513209,0.660302646874838,0.782725078561591,0.773338615571036,0.802108518520314,0.75803485186805,0.840682328740344,0.73495027261973,0.766066621542484,0.877870428245406,0.775625445897766,0.953752931745257,0.848467006749595,0.995772172990988,0.750745470851044,0.832529253591645,0.818962382485025,0.782663678202593,0.866774924100407,0.834437263920224,0.672808180417794,0.819706178150705,0.853619261114877,0.797336318170544,0.905758888995541,0.931592538578547,0.705554396678947,0.792187083577039,0.685648524104376,0.882786248546378,0.822263667179533,0.869882317483806,0.777669339512892,0.840854793994586,0.897253364971308,0.805251165671894,0.797202186146769,0.907952954734844,0.76145540701418,0.860838872790439,0.831368668364421,0.865751829776264,0.781407238157125,0.926301971164718,0.777928952124557,0.857373680227296,0.824682211736118,0.725785960224224,0.830609218988491,0.829781108256512,0.81306797488551,0.863491422820276,0.846701036104421,0.695821271401505,0.826504094263822,0.746093384388566
0.847607253779714,0.755906567397738,0.849257894315177,0.82963899485134,0.70380204969006,0.900247614575609,0.819700573450175,0,0.957228664296995,0.798281910332377,0.772129270960116,0.717969364571572,0.830320556440027,0.839593297704979,0.873750529973915,0.89128704315563,0.753737318844674,0.729726395292485,0.747560600936977,0.797082864097083,0.696279023718644,0.835188515397874,0.84873624386261,0.745408605881778,0.827492809662607,0.810975026937014,0.725700058078417,0.838024221549515,0.812100814559241,0.746740187680993,0.739120671929481,0.775477652200909,0.788113413568648,0.945478986071019,0.887949922830992,0.801110151071365,0.847827420691793,0.753369673552881,0.856011916499321,0.898769007331079,0.780705697233111,0.913236660136051,0.834758952700841,0.90573345346641,0.920807949535312,0.833135326448466,0.855311146354801,0.734971517868779,0.873292510575869,0.872315648174224,0.870774612670316,1.0125277698886,0.801696917115606,0.93239211687112,0.899158352552604,0.914579326520671,0.903119784306309,0.787442020278579,0.867659052161522,0.830758026285243,0.802861860481832,0.830732083945735,0.78628846504921,0.852649272087351
0.69880331336391,0.845733180846689,0.589808096154862,0.793526702337756,0.826052145591812,0.609745748888701,0.725689397513209,0.957228664296995,0,0.701271513679859,0.830679923221934,0.745285915286499,0.773610497346505,0.573123167145344,0.925488888682756,0.740508376347087,0.831118571260596,0.89827947269221,0.875331074202858,0.948112952640606,0.82984057563023,0.897433963480842,0.846687364607122,0.887342039788117,0.712777910597422,0.892125948972927,0.833850597413676,0.943000979371696,0.762189426828295,0.783984210926435,0.853633763650111,0.706284198137724,0.907405472894221,0.757043327690484,0.611666699254836,0.851458766771833,0.720527333737087,0.871820403726001,0.695775334146437,0.92330124441035,0.802654054507261,0.829523090807942,0.933847029887459,0.923118945144564,0.612839229893995,0.969174633486003,0.69478666663322,0.792993331859078,0.758021988913437,0.761209243301541,0.598083310333661,0.90670791172809,0.894787974167962,0.799601869401275,0.751347061114898,0.817549902021555,0.666399096112712,0.789821916438225,0.820534670859322,0.670883779057221,0.719487915268896,0.81936910320341,0.802809939461988,0.800417552315064
0.843029884271454,0.748567940307315,0.72068649152381,0.780490379425842,0.76135344485246,0.720222727392045,0.660302646874838,0.798281910332377,0.701271513679859,0,0.869944571306771,0.778944791797143,0.824703004050228,0.727721405061911,0.905432002019367,0.760657474986364,0.72108582799192,0.879165958457987,0.691762741717201,0.912124976050368,0.765228495675488,0.841339557961589,0.751478190457814,0.817742275292717,0.840010653271199,0.851690395058103,0.876191692480553,0.831558988854575,0.661056233291587,0.672026863550846,0.764217908136807,0.679543094161713,0.883771888439502,0.987048877707862,0.646796218933766,0.786795919904989,0.622486840502589,0.844533573454491,0.816668539872656,0.807250335172589,0.792085412132816,0.972606723803492,0.895027194341211,0.761783184462406,0.801370626538938,0.901008287638124,0.696749141311479,0.830348493637276,0.822291364317266,0.911633773765903,0.730536439757445,0.80887737617602,0.742986466730696,0.867572717317598,0.722879053068774,0.729591794705049,0.854002157277698,0.79071584628712,0.750426068345245,1.01601573911397,0.836842271126824,0.752391038467212,0.794101521896081,0.775278071748666
0.844701573123603,0.740884312403524,0.818708459124896,0.735699160780096,0.809579247726434,0.888106248548401,0.782725078561591,0.772129270960116,0.830679923221934,0.869944571306771,0,0.889196631761653,0.889032929300206,0.748788649173965,0.770681623618728,0.806451533457956,0.74925217008323,0.791839156863021,0.728344926078531,0.874099015847869,0.78421063837613,0.83655069481574,0.754383599092421,0.757340465921858,0.874723245121867,0.819739934273725,0.890809526999401,0.831753785440805,0.798444915461944,0.816941328606509,0.798224200285596,0.838569972005309,0.868556988224261,0.973242548240062,0.831306536059689,0.750511593318354,0.832892295769315,0.791542988450054,0.874063375110553,0.743787499026886,0.787728394295695,0.95224321199973,0.918121285855286,0.842884907771854,0.949421669624968,0.843778060046385,0.865228277806745,0.864385340118829,0.89854877570381,0.920769052067372,0.848187967196755,0.844951517767331,0.779919422248271,0.896305899866081,0.848254427694808,0.874297827858639,0.889366492306833,0.879340924395166,0.833163260636043,0.95354926833157,0.923776952279523,0.757194602989944,0.780320144799759,0.8509508252946
0.890927547190842,0.869407726504708,0.658934383084254,0.914920826230746,0.722720448002229,0.7724477459963,0.773338615571036,0.717969364571572,0.745285915286499,0.778944791797143,0.889196631761653,0,0.814808714023199,0.733494184664256,0.93929916335456,0.892589413693996,0.810975987636467,0.766730319545044,0.780893617183738,0.883653937490974,0.783742652669859,0.74376099288364,0.64125917753483,0.794850891450551,0.861892635374872,0.928154991323701,0.754394342793555,1.00025908197125,0.868335148374639,0.710073414799583,0.749302757663221,0.659763848090634,0.949112184226713,1.00710104910991,0.770093712963368,0.801450998483273,0.853148021852376,0.821990269678162,0.812906584485644,0.960967364360234,0.792796770185196,1.03964775962774,0.848110129480502,1.01921941199539,1.00725838439782,0.857715284279991,0.827693091793613,0.704580310184886,0.973087731022292,1.00913986373488,0.828367049339143,0.904163559573106,0.844275155763163,1.00829327209699,0.822419574537377,1.01224003826435,0.892755573452575,0.781376770071261,0.904997316753596,0.94912582328851,0.887344335032672,0.921281897102063,0.901359216608956,0.987071571125512
0.776731508395149,0.877714550614372,0.677157297311935,0.875093864476224,0.764389377568721,0.811557393869696,0.802108518520314,0.830320556440027,0.773610497346505,0.824703004050228,0.889032929300206,0.814808714023199,0,0.867229754726599,0.855690747280268,0.769008035055893,0.872443782164049,0.824026941225021,0.882572647320598,0.793939400793978,0.888642149192749,0.841143079752661,0.861436408021755,0.897999489341766,0.680641121196767,0.869578762858984,0.75022572454916,0.95145115020563,0.924816336422675,0.919250095784653,0.848698278034938,0.79443898323837,0.896672744570881,0.825862583949647,0.837173813806184,0.820498111676794,0.849624391299361,0.911387651482786,0.658336872633972,0.893798030364237,0.769413673040741,0.758703536518302,0.859166447163564,0.994963816677818,0.858327596823973,1.05823473372701,0.870562231860362,0.787131756128413,0.852364469473983,0.796189859323091,0.837738229444247,0.903609202868692,0.763619632193707,0.797181929189786,0.891197111526359,0.944222208817925,0.8012053994038,0.79173917586135,0.890669563021165,0.750508060904329,0.763463313946403,0.929261737670647,0.842436771800553,0.841623838375532
0.714429405348864,0.824942782578817,0.691729075292452,0.810352337535898,0.824656131091314,0.685213380345512,0.75803485186805,0.839593297704979,0.573123167145344,0.727721405061911,0.748788649173965,0.733494184664256,0.867229754726599,0,0.935646573794486,0.759681404756784,0.830421376743367,0.865078831166972,0.82474862377189,0.950123785716317,0.809823202799121,0.799411804679337,0.788535770513466,0.881172299620432,0.765887455871464,0.897268007588929,0.827293275513849,0.884153593196188,0.797512058580871,0.821075721074814,0.95526504254287,0.738014813485395,0.896608784277943,0.791797114710873,0.672775788812369,0.821379720137148,0.784182145367937,0.816215242457704,0.740178346064687,0.871772893372875,0.754266469231498,0.816095697294309,0.870462558066158,0.898991681508643,0.625173773506747,0.960426037586333,0.876426779557896,0.790812046292204,0.765878894272912,0.76707057629025,0.640386955677032,0.786529750283235,0.808275936402028,0.791713149769541,0.721418654206667,0.870101534610722,0.702871401638058,0.833671195779472,0.830558979641257,0.744791784210876,0.765038558099956,0.906653571343044,0.880540401543285,0.826980725683502
0.844348390816487,0.750525421773226,0.946864831873651,0.748396934973751,0.847560043782078,0.948982570840003,0.840682328740344,0.873750529973915,0.925488888682756,0.905432002019367,0.770681623618728,0.93929916335456,0.855690747280268,0.935646573794486,0,0.965663908398559,0.88229875607811,0.844263596332835,0.841477225146169,0.899215218252436,0.880739364029427,0.868356274996552,0.903776229407033,0.863969326296836,0.861890528466368,0.781373149309099,0.886872907008261,0.793121079701123,0.836187712510928,0.92459882356658,0.915230365317105,1.01327968068975,0.848354034955632,0.89726367440087,0.952464847000074,0.839983521528635,0.901839028740838,0.855519700609837,0.889290311965776,0.778659826323291,0.821083594772919,0.845143086124894,0.90580294971111,0.866605067077124,0.953140495473988,0.848839522601175,0.928994404494986,1.03138536767851,0.832039321579074,0.855602108472187,0.927050000211223,0.835794604892931,0.824572652979313,0.899232342058771,0.94034440456429,0.919350797206344,0.918787634275379,0.901743867088087,0.86000694213394,0.890456951013035,0.904067756376803,0.741652317902652,0.860452329778034,1.07505372257023
0.804238108327087,0.814703123715039,0.753553703226562,0.782359074466894,0.836384384727666,0.794988966061613,0.73495027261973,0.89128704315563,0.740508376347087,0.760657474986364,0.806451533457956,0.892589413693996,0.769008035055893,0.759681404756784,0.965663908398559,0,0.834582517251686,0.896189259793573,0.84919852691014,0.916245392300802,0.88364782482893,0.939775177181199,0.847759132963927,0.896021314435799,0.761170287975192,0.849158477636854,0.900371098796616,0.885723539022769,0.798926530897507,0.84220030412855,0.858512676666103,0.883966399634087,0.890732691605572,0.877335447915963,0.806772767462096,0.821638541876285,0.767859479505666,0.941860006809763,0.768819493862008,0.809406738779932,0.822926156587616,0.82560301969696,0.931247294701673,0.862520630773642,0.798929697479124,0.899724267051874,0.782975764441601,1.00073451396153,0.788098411867168,0.821468850347992,0.77343765715408,0.837408843991155,0.795191024745808,0.823316597865243,0.839153527768903,0.815665290993488,0.804703499523105,0.850377475017456,0.800201011299422,0.775183024331288,0.83367302757302,0.760600720478047,0.845454477598024,1.03673862583779
0.871728332678795,0.699694102191874,0.868333706856154,0.757232100787258,0.75341384281111,0.884355895065051,0.766066621542484,0.753737318844674,0.831118571260596,0.72108582799192,0.74925217008323,0.810975987636467,0.872443782164049,0.830421376743367,0.88229875607811,0.834582517251686,0,0.787566384677731,0.711985826686783,0.842467089358163,0.699614687539378,0.816559988402629,0.796152620041145,0.686115149772095,0.794339393948465,0.707646431309843,0.742705637200382,0.727791187265832,0.700284529983368,0.711975471194115,0.742085061703326,0.751043461762316,0.877969926760216,1.08843839249585,0.932340170362445,0.697621907508055,0.753860619525466,0.732920683331844,0.83860639630966,0.733803546393179,0.696485869608474,0.900462482951622,0.849293366033677,0.812157638010174,0.859900858412504,0.819822398455253,0.772522048758642,0.800529247560013,0.885740604388241,0.887681452476004,0.879540407694117,0.867712628390106,0.69795944181401,0.903248792435525,0.848633183578991,0.834928210392877,0.895510255546031,0.803217602384107,0.803363593078329,0.876981971295354,0.816448819084287,0.744459837836478,0.72739411790773,0.837528120390033
0.961704557851665,0.815534990937315,0.889596198850612,0.829531321791567,0.729870882546202,0.939428148263634,0.877870428245406,0.729726395292485,0.89827947269221,0.879165958457987,0.791839156863021,0.766730319545044,0.824026941225021,0.865078831166972,0.844263596332835,0.896189259793573,0.787566384677731,0,0.865538792033902,0.752538959208081,0.70562538255785,0.747859315029966,0.845130100969512,0.721225241531358,0.811054549604089,0.791103400233093,0.713354782846705,0.837545358750871,0.827002646938579,0.705049457661882,0.751963957691048,0.777650243744223,0.854159898604968,0.96047251337006,0.996455778306718,0.799036576970535,0.872566548605871,0.754368128529958,0.885036444211537,0.867477250571986,0.731491656545776,0.904028474378873,0.814858954427867,0.916491035620589,0.928937106276598,0.801001424764803,0.910604809665398,0.716308793635198,0.954207797411507,0.8985214925793,0.90864768195513,0.885719054981199,0.758712058963845,0.896991402226646,0.880398977070285,0.967273734824819,0.913907592696652,0.750689807172647,0.828810872433682,0.84739883643955,0.788389909718142,0.853925266399483,0.820007806732721,0.932604787720047
0.971949641443554,0.78501651793308,0.957670721920589,0.710565867910166,0.741352295527607,0.902752345719266,0.775625445897766,0.747560600936977,0.875331074202858,0.691762741717201,0.728344926078531,0.780893617183738,0.882572647320598,0.82474862377189,0.841477225146169,0.84919852691014,0.711985826686783,0.865538792033902,0,0.802929326760956,0.715490419257684,0.819906234919805,0.752663647856311,0.709927399450968,0.820562971414512,0.71015494964908,0.764912239947,0.721291687801035,0.719351840423472,0.707720957197115,0.726023401823464,0.778868559432779,0.856871024728972,0.99582296289927,0.880424921651852,0.772770335260912,0.779441472037327,0.740131879867731,0.927781115946249,0.781093812888262,0.738513049695931,0.932532727078925,0.899691841401069,0.786607368789901,0.905212018707486,0.796910989832618,0.829415656620848,0.847569768209818,0.912773082870201,0.97595971391965,0.867454727885647,0.834227920354849,0.752653998614298,0.886365987067682,0.84536575849199,0.826407398538781,0.937212686676645,0.830784112808473,0.774376453279741,0.924632265780065,0.903255619909602,0.75079061092172,0.764749936550495,0.816396712545703
0.855527077070009,0.818421385902616,0.951629634638135,0.958955984825261,0.74373844303774,0.954619289674405,0.953752931745257,0.797082864097083,0.948112952640606,0.912124976050368,0.874099015847869,0.883653937490974,0.793939400793978,0.950123785716317,0.899215218252436,0.916245392300802,0.842467089358163,0.752538959208081,0.802929326760956,0,0.865416288260813,0.800220475620065,0.986997279123291,0.856280404949501,0.767548314606882,0.828528406650147,0.756198566736694,0.848561917880091,0.88766983253186,0.750611043107819,0.78664558304474,0.826116900839515,0.827770519152687,0.880246702128408,0.937032478788476,0.883358492902137,0.994689830637687,0.972237014677291,0.877379966609346,0.903742809116444,0.795255710193213,0.844145687658448,0.842203424654229,0.910019004918178,0.945921199149622,0.876224565075887,0.908949039475372,0.794202977257604,0.902298602762269,0.893244887714147,1.04658511264077,0.83085283229819,0.803207603715517,0.878007725791221,0.949345649429893,0.977204925581852,0.912381271494752,0.752227099321235,0.831386760542586,0.835553238988917,0.767216196039516,0.885592121419561,0.833257641279441,0.923379360853301
0.827788273503681,0.715952671774443,0.881796511084558,0.938537417516679,0.815631923416013,0.923277103404143,0.848467006749595,0.696279023718644,0.82984057563023,0.765228495675488,0.78421063837613,0.783742652669859,0.888642149192749,0.809823202799121,0.880739364029427,0.88364782482893,0.699614687539378,0.70562538255785,0.715490419257684,0.865416288260813,0,0.785726641934411,0.870308106554345,0.718460492648006,0.79733370042831,0.756689004273501,0.713377959735427,0.784993638482056,0.733570715259236,0.699951162063877,0.710221737622373,0.762164289979405,0.816185425123889,0.910655484087442,0.821024731614425,0.802942234447966,0.804386905564697,0.777910908142526,0.979205061797578,0.829147620957923,0.71984880552212,0.905202753016209,0.853293697158746,0.817373284226447,0.858665588222595,0.812762580920915,0.799488239726661,0.757439505554251,0.843945620083825,0.934258872754642,0.916147438613105,0.862371357790928,0.750686264962615,0.834541246639238,0.835298243365416,0.879297231598793,0.884463819827569,0.780101434127358,0.806529217354009,0.847005256731472,0.806892289245894,0.808295654473511,0.788739602922229,0.851582661653361
0.828834609865945,0.885018086446511,0.857059465662575,0.86873579707866,0.777707361017086,0.902313591751014,0.995772172990988,0.835188515397874,0.897433963480842,0.841339557961589,0.83655069481574,0.74376099288364,0.841143079752661,0.799411804679337,0.868356274996552,0.939775177181199,0.816559988402629,0.747859315029966,0.819906234919805,0.800220475620065,0.785726641934411,0,0.84174473328358,0.788259257968065,0.80407331629533,0.881383684384442,0.762215536554445,0.896080018698883,0.862304216393785,0.749645691379783,0.750865706760737,0.813773457028821,0.893800815505831,0.884574138589567,0.870317871331529,0.878416919450285,0.865977240281703,0.793286939107602,0.912600610616676,1.0922105130919,0.816850961068254,0.879829279686217,0.842328439168122,0.935245741663545,0.885888458674762,0.820252338382686,0.893188757546101,0.744679338372899,0.897890485712342,0.899601904883817,0.843366152326386,0.979834359740186,0.89161568212165,0.905163814477631,0.810921578883934,0.938414278622904,0.923245200354565,0.786878817626255,0.814646957067642,0.835471711622232,0.820609275903719,0.940207970595616,0.865604756496722,0.932986802278801
0.930465424237106,0.851638338143601,0.737910783933845,0.835279737836138,0.846129140271909,0.833791724542928,0.750745470851044,0.84873624386261,0.846687364607122,0.751478190457814,0.754383599092421,0.64125917753483,0.861436408021755,0.788535770513466,0.903776229407033,0.847759132963927,0.796152620041145,0.845130100969512,0.752663647856311,0.986997279123291,0.870308106554345,0.84174473328358,0,0.780506879646619,0.895136918234638,0.843727714321792,0.838679235078573,0.87454006354862,0.819426327887521,0.794202981498578,0.832220678712826,0.785139424461675,0.915939286790592,1.04040796324482,0.732616969654086,0.754256269931024,0.842596318541788,0.827040492265039,0.868259150160966,0.80793592000795,0.889941879032036,1.13730163754757,0.936214410417545,0.94008722573765,0.8965466618288,0.889154329494395,0.866305299818905,0.817298052261905,0.956305137409038,0.995244037065973,0.849868253698227,0.84931646214557,0.891936339702829,1.0506565485428,0.951136890423367,0.992659728061781,0.909117929026836,0.885687095093006,0.848244448395811,0.941327567089732,0.929981713698197,0.790329962118511,0.875074326931214,0.941274544923361
0.877183024912255,0.743615493946272,0.907658673812722,0.802714823114702,0.753122121720121,0.936523058546597,0.832529253591645,0.745408605881778,0.887342039788117,0.817742275292717,0.757340465921858,0.794850891450551,0.897999489341766,0.881172299620432,0.863969326296836,0.896021314435799,0.686115149772095,0.721225241531358,0.709927399450968,0.856280404949501,0.718460492648006,0.788259257968065,0.780506879646619,0,0.970894597674215,0.796344139143439,0.783954992856861,0.735895757311533,0.747066113818625,0.732481108086596,0.777658531483018,0.772009573823383,0.809689932968212,0.97353213147268,0.878226608549369,0.77009387150764,0.836142870919445,0.751203183121297,0.913726849158989,0.801573054322933,0.775460822758154,0.930221911469675,0.875728466052943,0.923987439861558,0.953641802128989,0.83831769163212,0.848027259718358,0.82338239898433,0.873845692608035,0.941552623832692,0.875459625326912,0.856564416274419,0.751750730962263,0.940409281922998,0.870351165496842,0.878952736514132,0.985523395859482,0.893281815577515,0.93918672294036,0.925402488855015,0.841281694317085,0.75899411607361,0.780102279307501,0.836835509478429
0.735628525065393,0.816131429388278,0.734286181246589,0.803960189645804,0.754763001608915,0.78158208235571,0.818962382485025,0.827492809662607,0.712777910597422,0.840010653271199,0.874723245121867,0.861892635374872,0.680641121196767,0.765887455871464,0.861890528466368,0.761170287975192,0.794339393948465,0.811054549604089,0.820562971414512,0.767548314606882,0.79733370042831,0.80407331629533,0.895136918234638,0.970894597674215,0,0.929160152065475,0.801414967675613,0.834719106664305,0.763393027648429,0.736513346697558,0.783399704085803,0.771121775128538,0.858755609032733,0.75335721400298,0.792533433529914,0.846754284253164,0.80961143542835,0.863336481100422,0.709516510627383,0.892758659181451,0.725025504889862,0.726024192422997,0.875091849453725,0.935333102450189,0.767775097728402,0.90919953672516,0.834374890157157,0.818035867120932,0.767492029432323,0.717899050397951,0.757644131874527,0.846303063462351,0.75792028923286,0.724058025193442,0.807073695223247,0.886197251537662,0.728504720238103,0.782394471899173,0.874112890431408,0.756080717628173,0.673209354339979,0.799562039631412,0.79498546346907,0.797682717193467
0.870828270092773,0.741714248849458,0.910734112530174,0.717204285695567,0.844175153674295,0.945415397632321,0.782663678202593,0.810975026937014,0.892125948972927,0.851690395058103,0.819739934273725,0.928154991323701,0.869578762858984,0.897268007588929,0.781373149309099,0.849158477636854,0.707646431309843,0.791103400233093,0.71015494964908,0.828528406650147,0.756689004273501,0.881383684384442,0.843727714321792,0.796344139143439,0.929160152065475,0,0.955705486077098,0.687799229187391,0.662725407179487,0.815014017986346,0.818069135810161,0.83031646762573,0.801309976101394,0.932221090113597,0.85415758765998,0.783823004585215,0.761708683833044,0.85224230829125,0.901049250622077,0.73621061975264,0.776205526476196,0.881046468456288,0.91368372311186,0.810717625408625,0.914274004502557,0.82355069954631,0.850052383000941,0.925367058401426,0.889738433253723,0.862856251171478,0.882813395609005,0.828371247580228,0.743790654166263,0.830802942603819,0.908021722968476,0.787759827699415,0.938288920523599,0.845300126958532,0.833018555986056,0.94515203096945,0.83074786376544,0.717119075596844,0.760265586771579,0.774821880302266
0.864473086454461,0.824657111530556,0.785950557021169,0.862537198376816,0.703092539205065,0.897221124105174,0.866774924100407,0.725700058078417,0.833850597413676,0.876191692480553,0.890809526999401,0.754394342793555,0.75022572454916,0.827293275513849,0.886872907008261,0.900371098796616,0.742705637200382,0.713354782846705,0.764912239947,0.756198566736694,0.713377959735427,0.762215536554445,0.838679235078573,0.783954992856861,0.801414967675613,0.955705486077098,0,0.858600440979494,0.809544191440474,0.663319560741054,0.676634076189004,0.75047897570949,0.835459175377651,0.894054534571007,0.869075596612106,0.822663909028095,0.899427686533455,0.792428351169777,0.786684855890528,0.923196387798087,0.761964109222728,0.905585988644761,0.81997307219521,0.924475851381729,0.911575327367907,0.880882235809956,0.907466393059252,0.71705490744231,0.914537462295162,0.83816827851164,0.877926492665479,0.899057208880895,0.740058383052107,0.874088730716795,0.831309874943588,0.934237055410898,0.877237575566171,0.725936397219075,0.88808022887262,0.938006762614582,0.726544236253837,0.864988009916174,0.8113907128344,0.867194232689404
0.839876843906689,0.756276837660945,0.968337274572665,0.722535238155526,0.835500920203668,0.935382394687613,0.834437263920224,0.838024221549515,0.943000979371696,0.831558988854575,0.831753785440805,1.00025908197125,0.95145115020563,0.884153593196188,0.793121079701123,0.885723539022769,0.727791187265832,0.837545358750871,0.721291687801035,0.848561917880091,0.784993638482056,0.896080018698883,0.87454006354862,0.735895757311533,0.834719106664305,0.687799229187391,0.858600440979494,0,0.806931741102023,0.851002877590721,0.810828486374109,0.879454760301485,0.872169146409656,0.918375477741871,0.869429124233285,0.808831430308268,0.773895287402401,0.829876177435659,0.948633118345941,0.722501031686466,0.806971501468393,0.889551692366508,0.954659020966426,0.748551426064354,1.0310642256593,0.832071312237102,0.830600645723287,0.934885753144249,0.869737270415518,0.909975482153852,0.89272072005861,0.827862634026616,0.76744903613752,0.859056354976622,0.892781810167048,0.783096145286878,0.939529630187553,0.867321230416707,0.769194711554255,0.911905418029598,1.01268992616784,0.757226355989476,0.753966022612324,0.800125186309011
0.846402710357437,0.745182082564463,0.791610010700467,0.716655003806856,0.834648874916366,0.831163170112949,0.672808180417794,0.812100814559241,0.762189426828295,0.661056233291587,0.798444915461944,0.868335148374639,0.924816336422675,0.797512058580871,0.836187712510928,0.798926530897507,0.700284529983368,0.827002646938579,0.719351840423472,0.88766983253186,0.733570715259236,0.862304216393785,0.819426327887521,0.747066113818625,0.763393027648429,0.662725407179487,0.809544191440474,0.806931741102023,0,0.890463142175477,0.825270212105723,0.732111342078817,0.855170112868178,0.902928044488613,0.705384283356252,0.795510169523322,0.653403683698606,0.855665346609554,0.848514837371309,0.733699911469071,0.774212859235994,0.857436160361639,0.91756688428549,0.73997104596645,0.834076976252969,0.874772210483769,0.678761776837029,0.886666754220673,0.808469098981196,0.862203316997861,0.776984409131032,0.844925080182569,0.748383923670387,0.818951323469942,0.810206383123322,0.688931116425864,0.879647979681464,0.788189342182482,0.711394650029879,0.845644355844777,0.932222019458466,0.703754207666705,0.773404138914467,0.72818150102729
0.860999836974138,0.800756648798185,0.786946437171241,0.855488963006207,0.6383907569443,0.814597225079014,0.819706178150705,0.746740187680993,0.783984210926435,0.672026863550846,0.816941328606509,0.710073414799583,0.919250095784653,0.821075721074814,0.92459882356658,0.84220030412855,0.711975471194115,0.705049457661882,0.707720957197115,0.750611043107819,0.699951162063877,0.749645691379783,0.794202981498578,0.732481108086596,0.736513346697558,0.815014017986346,0.663319560741054,0.851002877590721,0.890463142175477,0,0.664208485546515,0.684349844416555,0.865546860412653,0.938809441269405,0.755618022075676,0.805827570347417,0.775326611076317,0.796953935519363,0.811776202425627,0.902883831336274,0.731497155632163,0.934818601389096,0.822476380968336,0.875148359825128,0.885982686729133,0.965838723248134,0.85820487800644,0.71881709709957,0.890810404569363,0.904490030634227,0.859314164980455,0.882976006041711,0.75289453281295,0.891854578187648,0.816164255652767,0.873146513072108,0.890669223473394,0.69181896007269,0.80194535072639,0.878039488517369,0.809807915701225,0.850709566989408,0.786592721394997,0.863589638220011
0.863726496937346,0.808877089958828,0.821032283430509,0.852112313425845,0.710205593106707,0.890974852946023,0.853619261114877,0.739120671929481,0.853633763650111,0.764217908136807,0.798224200285596,0.749302757663221,0.848698278034938,0.95526504254287,0.915230365317105,0.858512676666103,0.742085061703326,0.751963957691048,0.726023401823464,0.78664558304474,0.710221737622373,0.750865706760737,0.832220678712826,0.777658531483018,0.783399704085803,0.818069135810161,0.676634076189004,0.810828486374109,0.825270212105723,0.664208485546515,0,0.778026531248267,0.807539611050077,0.934874297236611,0.836378692951621,0.811511498143062,0.847929316136175,0.760150104859437,0.822501414904494,0.882372382004864,0.738252030730432,0.945511693663812,0.822762024541599,0.890289814580547,0.889577164428457,0.980805031260718,0.942277740539187,0.723767060834456,0.894391853959878,0.899575019997584,0.873256836840817,0.905715634157268,0.730628321069408,0.900729855855225,0.844023626173874,0.887697801076479,0.876513292295303,0.731156808692104,0.833779452323301,0.847564654495655,0.754993892151447,0.972856015382944,0.838448447944601,0.857943063587552
0.815995258500329,0.837614096466388,0.725193487193544,0.859587999750453,0.699101644945505,0.721654372929157,0.797336318170544,0.775477652200909,0.706284198137724,0.679543094161713,0.838569972005309,0.659763848090634,0.79443898323837,0.738014813485395,1.01327968068975,0.883966399634087,0.751043461762316,0.777650243744223,0.778868559432779,0.826116900839515,0.762164289979405,0.813773457028821,0.785139424461675,0.772009573823383,0.771121775128538,0.83031646762573,0.75047897570949,0.879454760301485,0.732111342078817,0.684349844416555,0.778026531248267,0,0.870744492624935,0.889315425769801,0.660350757764177,0.791324415404552,0.727090616974617,0.859940602994809,0.744737965027909,0.934792704536661,0.739555428395745,0.879179688523799,0.861175176436189,0.923414574607201,0.712983920964002,0.864134044171555,0.806306190976831,0.849808849430595,0.855859262395958,0.884418650357077,0.715986852800227,0.858848225825239,0.769042633074601,0.86005774064869,0.752303602537346,0.880245704940006,0.827721040155733,0.695764515426203,0.7801972208816,0.804169388688749,0.726854435522355,0.879315910371415,0.934723942433777,0.929697335935549
0.890871059041655,0.778840278287594,0.894133984888726,0.846532688183662,0.805517544644626,0.935581546828576,0.905758888995541,0.788113413568648,0.907405472894221,0.883771888439502,0.868556988224261,0.949112184226713,0.896672744570881,0.896608784277943,0.848354034955632,0.890732691605572,0.877969926760216,0.854159898604968,0.856871024728972,0.827770519152687,0.816185425123889,0.893800815505831,0.915939286790592,0.809689932968212,0.858755609032733,0.801309976101394,0.835459175377651,0.872169146409656,0.855170112868178,0.865546860412653,0.807539611050077,0.870744492624935,0,1.04454362062373,0.945471004886604,0.759728178255005,0.836496491379772,0.843581612633616,0.821949207258759,0.83739154987467,0.743718665838547,0.838805221306528,0.865250151183129,0.912619473362848,0.876888307332385,0.839367529755255,0.889488513690738,0.81971318651658,0.861568953400083,0.841998501031362,0.959196808093701,0.92134971677808,0.77757353693207,0.834650834251855,0.950779522283901,0.92790383084478,0.937825234064488,0.793438446792211,0.912423937183549,0.821522602925431,0.837611409092053,0.831587430637093,0.826620348284103,0.872744281168974
0.778071135233202,0.932122528611884,0.839365232861626,0.884694209541076,0.9506954589395,0.798486677154593,0.931592538578547,0.945478986071019,0.757043327690484,0.987048877707862,0.973242548240062,1.00710104910991,0.825862583949647,0.791797114710873,0.89726367440087,0.877335447915963,1.08843839249585,0.96047251337006,0.99582296289927,0.880246702128408,0.910655484087442,0.884574138589567,1.04040796324482,0.97353213147268,0.75335721400298,0.932221090113597,0.894054534571007,0.918375477741871,0.902928044488613,0.938809441269405,0.934874297236611,0.889315425769801,1.04454362062373,0,0.921495364236479,0.906183481888758,0.852668999122,0.911329504800729,0.799689723721953,0.899203272736111,0.827060190263877,0.676893317638532,0.890908175784984,0.901239313469674,0.760679393052101,0.917322368099148,0.863665431994925,0.838866192045985,0.761081603951424,0.696370494212588,0.780545543100722,0.882473893813174,0.873180653372916,0.741725620852613,0.864492666197914,0.933237386382226,0.731529061222541,0.875056022409028,0.874263708797345,0.725723684205617,0.773938396662542,0.917672282351627,0.875328226010681,0.874327463061933
0.824869670743808,0.888738856273447,0.684989620154264,0.821733152107218,0.869453918158912,0.695944558616378,0.705554396678947,0.887949922830992,0.611666699254836,0.646796218933766,0.831306536059689,0.770093712963368,0.837173813806184,0.672775788812369,0.952464847000074,0.806772767462096,0.932340170362445,0.996455778306718,0.880424921651852,0.937032478788476,0.821024731614425,0.870317871331529,0.732616969654086,0.878226608549369,0.792533433529914,0.85415758765998,0.869075596612106,0.869429124233285,0.705384283356252,0.755618022075676,0.836378692951621,0.660350757764177,0.945471004886604,0.921495364236479,0,0.851955844490334,0.657374555752942,0.855439885810604,0.769705478542572,0.871145000958831,0.780247534993964,0.852394649879519,0.849348209521849,0.803738657064245,0.715516899575904,0.928578090471557,0.65223345741331,0.819881956432519,0.775903613259646,0.869550104116463,0.651858482066629,0.837651679584674,0.810456298478193,0.858658834965007,0.724946483909674,0.769063921848641,0.76505864589557,0.818451410827952,0.786079191984283,0.823685857558056,0.8041531487931,0.833267411296642,0.849802006967215,0.818317975458861
