0,0.927205250095867,0.917536941724062,0.90258376868309,0.897417745703359,0.885098811061004,0.865889790374831,0.888884830039099,0.915159077646796,0.940681067773176,0.90620639930147,0.887109210407465,0.949836369728733,0.896777775256508,0.947633870413001,0.940585034901477,1.14140006038581,1.11859304484406,0.930295443118166,0.953429461521703,0.873234829203254,0.893996681230972,0.883966128477888,0.908932123336401,0.943980237762024,0.897127963404895,0.901001324162016,0.918928473312582,0.942028110130384,0.861489604430759,0.896969456006538,0.917582417886165,1.01347394562564,0.998428077843929,0.921737763269284,0.895262523919312,0.88917497138365,0.914198157789313,0.934441125717058,0.94896403658576,0.957760162130012,0.950978539017469,0.913922504540882,0.920573801165858,0.912689767030687,0.944210891864091,0.915235316385368,0.911323810289893,1.04669926940855,0.910768633582838,0.887846362597,0.888299754362527,0.90109105070808,0.931816484600842,0.930779197413029,0.922477559698556,0.952480843129272,0.898171862342997,0.912662554938131,0.939984380381138,0.940086144556192,0.964751200455511,0.949918464872066,0.967565513009727
0.927205250095867,0,0.892393043833876,0.873640771181392,0.866737484723327,0.870746669755494,0.840918479664095,0.86658512277607,0.901988676909655,0.872144427039865,0.919175288645894,0.89729969544886,0.916003068389395,0.903460022015643,0.941675220571843,0.903767736061851,0.895236983244843,0.901102456838726,1.01715848407662,0.908715499480405,0.879301358023474,0.870146188347541,0.906382371522564,0.950238531149646,0.945580558255515,0.893039196426808,0.919723570661831,0.926191716891158,0.961802095976079,0.879781549900293,0.95144424508248,0.939253798491597,0.880166300368724,0.896262707615877,0.923016545353866,0.923555590713154,1.04395193144087,1.03391168726558,0.979384844214586,0.90268736173312,0.881884975723658,0.879928592180244,0.876215779084244,0.887807857751928,0.87366629587497,0.895687156435975,0.876376351261075,0.875123753265852,0.902951965158637,0.976106008795158,0.976714932211874,1.04534569312214,0.870924959819048,0.893151249005257,0.903508962476857,0.899641783503688,0.945549214386001,0.902174039546689,0.931794714045323,0.913943490838227,0.923835736076937,0.907074757934214,0.894028621797711,0.922313943625004
0.917536941724062,0.892393043833876,0,1.04743602594142,1.00965768747329,0.884097118128844,0.876991591291266,0.871211193495765,0.847090760091535,0.882607792350599,0.891049319428254,0.868939481630929,0.844875436512077,0.871305234366275,0.828527618037765,0.880260787657371,0.929137745827227,0.920745618324571,0.999514878676943,0.94051286558709,0.945986655916655,0.882607574197908,0.869366159419094,0.912638645952513,0.897750015897114,0.916404141614654,0.934342122396584,0.929969895469299,0.933027591904644,0.940459740125853,0.912994023085548,0.895688681632974,0.862583603539277,0.875292450852676,0.884481116437449,0.897068863346924,0.927785181600286,0.935929387875201,0.966896073223765,1.01822884946263,0.884871636750125,0.937177856809069,0.905666955262665,0.898034586812696,0.910251970702366,0.898155118614853,0.918084609851912,0.957570537382971,0.930325614887998,0.893604557741729,0.954375820452027,0.961408353039533,0.920532964912653,0.959778616843923,0.908563583814506,0.909948598032859,0.921952171085346,0.977669022534904,0.905755629664558,0.918307706436818,0.92646641316746,0.935148243835886,0.940886002783044,0.934639785961235
0.90258376868309,0.873640771181392,1.04743602594142,0,1.12290456398657,0.898753592210196,0.871358110724941,0.88039670186568,0.862992546283138,0.918264296868479,0.86780320340317,0.870611084094381,0.844021321021027,0.877505755182784,0.876586701155763,0.8825354027381,0.919688926162374,0.92174397944574,0.982555658660942,0.966450785769544,0.964922623320634,0.905110452999396,0.894581728655172,0.915324549806604,0.887551817685433,0.926916543011377,0.94891049079208,0.969692465367415,0.838186148864825,0.948622419397965,0.923404294229142,0.900692178321671,0.889895536881214,0.909019384822267,0.90050780826779,0.929396381906066,0.922452447795617,0.904878658194074,0.942747350941729,0.98371923172879,0.88840672392036,0.935174554915183,0.926852350681622,0.914301657707991,0.895055956242906,0.925589972845127,0.917635712851321,0.960692176397662,0.937547380541721,0.90917126638701,0.925483463076458,0.929809884525667,0.917988407331697,0.954760998274403,0.930217718989552,0.907988832962665,0.905661028202931,1.00420809809716,0.86865646148492,0.936788545296241,0.92468921355408,0.92730259666789,0.939879741124216,0.953773633376893
0.897417745703359,0.866737484723327,1.00965768747329,1.12290456398657,0,0.950364832283923,0.909444535474757,0.866667830272342,0.857982035758181,0.87673546754153,0.885139018376655,0.851678603241772,0.851228654159603,0.877665498754834,0.897976051471712,0.870635768508084,0.921050166370279,0.94261920244191,0.931025373318963,1.06747190274146,1.02598916286784,0.907489862540519,0.890403034547604,0.937836317019872,0.889327420788067,0.933489031446747,0.955115436198032,0.927588353357864,0.829555537543409,0.980402748197026,0.924985771185007,0.921304334592507,0.918789622626419,0.941287209836638,0.925168202766596,0.93791247522812,0.880796992624361,0.908455293623187,0.913657953576198,0.950295279080211,0.904366577753709,0.967054496124115,0.903322866704316,0.92145393761037,0.935069977886527,0.909412885941645,0.95619707902639,0.961384073509274,0.897767131558158,0.945965754539567,0.930580572269829,0.93090903653228,0.937666490388964,0.95573400848819,0.92788093567535,0.92862549989752,0.941453691463924,1.00617275649183,0.884446529539083,0.991529685798023,0.945081292382793,0.903041884273632,0.923455545608306,0.944704043123274
0.885098811061004,0.870746669755494,0.884097118128844,0.898753592210196,0.950364832283923,0,1.04350110479483,1.00194992925223,0.903419612698889,0.844047594771843,0.877118223915146,0.869740912862719,0.879539332905555,0.867844907302728,0.858709610638496,0.894027717678237,0.894455995449298,0.887965168411051,0.882695677530744,1.01997646406534,1.05330852428878,0.959697584160088,0.912224356520642,0.885102589564859,0.930966036714842,0.934768597174749,0.917306232036651,0.916696874004597,0.971335548589522,0.883671228325876,0.888374708131142,0.95352970116692,0.930565252226165,0.928618019431967,0.919535745645389,0.933708073305379,0.902330725016326,0.911055834868157,0.887865489057738,0.926669233183953,0.854353574691162,0.894917574252554,0.942952798564842,0.936011521124691,0.909564119966473,0.894184412628033,0.92222488036571,0.916427950348292,0.948993787302923,0.930264993855165,0.916764670782685,0.917343921823377,0.975476413105779,0.924214968221683,0.89865788572588,0.901279855663676,0.890955059952992,0.93343335797074,0.975644777094216,0.933513368963703,0.896773859816764,0.913104171684381,0.921349991861696,0.957052405169678
0.865889790374831,0.840918479664095,0.876991591291266,0.871358110724941,0.909444535474757,1.04350110479483,0,0.981188416373849,0.889810496619961,0.850363643067745,0.880932663707141,0.885527263284269,0.848225772395353,0.867592496264334,0.853997712386696,0.909596632079712,0.882752871943368,0.89905601649291,0.868718806069239,0.990192432712365,1.01623866320395,0.978752259684249,0.94670387788703,0.939528146961587,0.890623066357329,0.872802166478899,0.907614244127709,0.89003866289911,0.959721793177974,0.882980926677569,0.910146455063005,0.899792892310386,0.921953711279229,0.937829853495722,0.932222801341777,0.925117536146656,0.908453253754983,0.87828031868408,0.88001898200303,0.894279625641134,0.897382510083763,0.890079527181676,0.92114487669268,0.922125215052306,0.916239686048948,0.919027665666803,0.931157835407646,0.916485811833575,0.921224945790097,0.93030746439201,0.908276146379312,0.904352221483271,0.961638528318179,0.939952860923165,0.918715134995783,0.921748997267725,0.889685234956335,0.926612745287624,1.00618817371763,0.902410204084256,0.900195680852988,0.916909009378553,0.932990801424512,0.933196280964145
0.888884830039099,0.86658512277607,0.871211193495765,0.88039670186568,0.866667830272342,1.00194992925223,0.981188416373849,0,0.917260183359034,0.830604262636917,0.896496544756989,0.89213436451304,0.868386800768063,0.891487073491498,0.918780617404282,0.907973330777199,0.888578916375142,0.915165528464983,0.875968904770596,1.00564782382474,0.985596206417361,1.04441485061137,0.963524137375055,0.955406116156159,0.872157120850975,0.892950340706868,0.901624935703478,0.890744205986494,0.952999872706486,0.859706598696122,0.918732119887569,0.917044118230096,0.9463219103525,0.954696972309854,0.951150558379482,0.919571407020251,0.922174810999292,0.883938108038686,0.880905465754234,0.911793198195692,0.967760481949127,0.937304336913865,0.913998874234118,0.921913651958352,0.904344603112712,0.944932687648061,0.927941200398366,0.906139308755088,0.924937487389871,0.954580114546136,0.910691505206791,0.928465402752877,1.02639162846539,0.926962657059256,0.958309226811631,0.93225003242699,0.938276926119534,0.939066016628572,0.942026154139979,0.904892652401494,0.951419123974475,0.937795201392023,0.940289472150691,0.960676145044916
0.915159077646796,0.901988676909655,0.847090760091535,0.862992546283138,0.857982035758181,0.903419612698889,0.889810496619961,0.917260183359034,0,0.920087428265459,0.920652251115025,0.886313797026476,0.865001494866806,0.890197663795383,0.924968590365643,0.889059891679108,0.902025273013205,0.91111416709019,0.89369694496833,0.862691180957039,0.892732703123209,0.945043025146377,1.05511181452884,1.072095461091,0.914708552949115,0.859224474885574,0.89099084514646,0.896728660618447,0.881919606071904,0.940399749802127,0.92437677222856,0.893023154107587,0.901684107514338,0.892991186472011,0.920527673511926,0.905997929655412,0.928728703674939,0.920696960918037,0.923769139669958,0.856432241113833,0.994282820207105,0.959696834344614,0.874062650241674,0.882980181745522,0.929715913093135,0.918088638054419,0.913407067776929,0.941832263755512,0.932769590669679,0.898084494890775,0.909600998981996,0.952000358925623,1.01915320079415,0.913247003189601,0.921921898270964,0.9138295654579,0.910291712416677,0.960943289903999,0.926663119518431,0.952465286525038,0.884489786960197,0.8984351738017,0.919573377419971,0.928408912490679
0.940681067773176,0.872144427039865,0.882607792350599,0.918264296868479,0.87673546754153,0.844047594771843,0.850363643067745,0.830604262636917,0.920087428265459,0,0.991601906378565,0.872810993073522,0.858706347400007,0.911778483541681,0.884597844276156,0.886032809371282,0.921899941528271,0.915256489139888,0.924401764241641,0.864408976037249,0.865895436267081,0.911172355964506,0.94639442035154,1.01897521303134,0.970483477160935,0.915062267333713,0.901993552195649,0.92528567470202,0.968430888166736,0.898332742983765,0.916956948199023,0.902801724029126,0.868044190224181,0.880950489013515,0.893693090441357,0.883253503847589,0.911235199997576,0.866949541444456,0.859738326326725,0.862532466401914,1.0340043322413,1.05509854661868,0.929351680182897,0.872591612952526,0.868155420002895,0.909528083622856,0.904690303809658,0.925634581225685,0.907379569794345,0.946434967929682,0.942905372285846,0.959484530272362,0.982324331376636,0.994405759568203,0.891789402043928,0.881281221428469,0.949930202119205,0.912875853721015,0.905558823254908,0.889041553749703,0.93040901063219,0.934598254354512,0.952585688622757,0.929336098273507
0.90620639930147,0.919175288645894,0.891049319428254,0.86780320340317,0.885139018376655,0.877118223915146,0.880932663707141,0.896496544756989,0.920652251115025,0.991601906378565,0,0.882383852949019,0.8959882713168,0.891343684815864,0.898336972058211,0.885148249304111,0.899035760990863,0.89585181374434,0.901193993823893,0.923568477043405,0.891674510102789,0.875654364088418,0.857843646979683,0.909512025757023,1.09478167731325,0.975177279974309,0.948501906288584,0.935568277521425,0.99374721112377,0.89698055443973,0.900364086310395,0.93803783404044,0.914823483816631,0.930228495830858,0.909232726657556,0.903094825953546,0.883626414222166,0.915952177404537,0.889434337968104,0.870853460708945,0.906948299609259,0.991788430921421,1.07981945213283,0.949548336411793,0.854742356309206,0.889248284233361,0.899096293966401,0.90186712185995,0.955235309115542,0.924121830249183,0.924052296445991,0.954955416444042,0.871629181466785,1.03683924228733,0.922957655590288,0.897758929576721,0.921234863431533,0.96019551241699,0.971366778707067,0.918876466243377,0.890043145325198,0.884997847162232,0.935212968126355,0.983655266901223
0.887109210407465,0.89729969544886,0.868939481630929,0.870611084094381,0.851678603241772,0.869740912862719,0.885527263284269,0.89213436451304,0.886313797026476,0.872810993073522,0.882383852949019,0,1.03331219941251,0.955204685728134,0.862981653992954,0.9368713828747,0.909661529709249,0.946307180158597,0.922124074037471,0.85529758771132,0.898653720928946,0.912024769364315,0.926869460599314,0.904354816361829,0.896134700277417,0.938245126992913,0.979834454110495,0.908812365429065,0.962229738670746,0.941269921948639,0.946909831207189,0.910133788689871,0.882648814932421,0.894473454957794,0.894769080200162,0.891491894531485,0.92919954328693,0.908243934182311,0.881753814391062,0.888610855445136,0.874174829626085,0.865547550484167,0.891904583683538,0.977087637879466,1.00305904393351,0.931270092025839,0.928324465898143,0.8992312274421,0.917238105946648,0.912966674525312,0.938236775521662,0.93531329245731,0.915749738270614,0.932040290205048,1.00224401698051,1.06902785938414,0.921976500557018,0.936121835275562,0.941520324553264,0.851447480135139,0.894155471665801,0.919776367300639,0.912428479433199,0.883661726254284
0.949836369728733,0.916003068389395,0.844875436512077,0.844021321021027,0.851228654159603,0.879539332905555,0.848225772395353,0.868386800768063,0.865001494866806,0.858706347400007,0.8959882713168,1.03331219941251,0,0.972783399661276,0.921285646964172,0.890270320154996,0.927968633368449,0.917944719813471,0.917005361195943,0.937070945826466,0.899444779793598,0.917229441217799,0.931924762440854,0.938844504883711,0.901836425425277,0.925055311314184,0.956778242787382,0.922826294331692,0.950638567313509,0.923794524584166,0.930119877316893,0.955639479228925,0.884921598976926,0.899486681667213,0.894039366383379,0.913224138789188,0.928210349431505,0.925069651703357,0.91426354684803,0.873766145053595,0.895820668165813,0.881437937586956,0.884848862798631,0.957880547860568,1.06758507982977,1.00129659838765,0.936174664832499,0.900440517297885,0.907866404604554,0.933201790112166,0.920954256758851,0.954190670098336,0.919739894822737,0.913875833427871,0.979254610970533,1.01366787287768,0.981063141121967,0.898790509013572,0.901356569743853,0.912849272357623,0.924973578377951,0.893877904408121,0.925677850647431,0.928127740937844
0.896777775256508,0.903460022015643,0.871305234366275,0.877505755182784,0.877665498754834,0.867844907302728,0.867592496264334,0.891487073491498,0.890197663795383,0.911778483541681,0.891343684815864,0.955204685728134,0.972783399661276,0,0.871383683046671,0.892898943841761,0.914114410498927,0.931500477653902,0.911095404968612,0.85586629544447,0.9082625580356,0.902454730511067,0.929732640633378,0.940412681757394,0.915212577310359,0.919386317354918,0.94165479113279,0.991468791797223,0.991976583295263,0.936993905639141,0.944990714766612,0.947894011139647,0.897287526534385,0.889245088651447,0.882925621892281,0.896709395963865,0.906439087699325,0.910655172789352,0.913377188154451,0.871614243097434,0.875091072847774,0.858119344133551,0.87831728942069,0.896636288831408,1.04457543580242,1.02731150034397,0.956441183579651,0.917366774251359,0.932176543543878,0.922881386497068,0.916236843255537,0.939967244248141,0.910975244314415,0.909566635715976,0.951294452028211,0.962971657190215,1.00023113025227,0.92902421484693,0.96785486010909,0.910714230468457,0.846869545714378,0.858715627751546,0.923061316308418,0.948391812926479
0.947633870413001,0.941675220571843,0.828527618037765,0.876586701155763,0.897976051471712,0.858709610638496,0.853997712386696,0.918780617404282,0.924968590365643,0.884597844276156,0.898336972058211,0.862981653992954,0.921285646964172,0.871383683046671,0,0.979207441577785,0.890156479934397,0.912008719867918,0.882978306569046,0.939930101913059,0.879033619050816,0.896019474751511,0.889366987358048,0.892668346955832,0.936746498394936,0.902877836896343,0.922726087074162,0.954182678012868,0.992429164274827,1.02201095807103,0.955403722066795,0.896999836898327,0.900392478774663,0.915376602438814,0.924629751805884,0.941066920272451,0.916789349291267,0.931200158160621,0.906093590732237,0.86996732750933,0.885327498576627,0.891521154581594,0.90261496069357,0.93626088421181,0.878422228758232,0.886862135888865,0.915700333709112,0.967730486124878,0.882637890763364,0.864946341586394,0.884529238140266,0.903186846571386,0.864633036642585,0.87842285061831,0.900650933595463,0.889097418809206,0.866539014521199,0.923761904155158,0.974262687278386,1.09887052446368,1.09038071271823,0.967454446986164,0.891811479221044,0.849796886872748
0.940585034901477,0.903767736061851,0.880260787657371,0.8825354027381,0.870635768508084,0.894027717678237,0.909596632079712,0.907973330777199,0.889059891679108,0.886032809371282,0.885148249304111,0.9368713828747,0.890270320154996,0.892898943841761,0.979207441577785,0,0.894719136444629,0.899810360447532,0.918404936581463,0.812940361858899,0.877406759720748,0.902552093255392,0.930739637584846,0.906657726537181,0.87384819671308,0.928077565156577,0.956858615320825,0.893706588654797,1.0039154106212,1.04606182007941,1.00899615501353,1.00392744470818,0.923895486637797,0.937971219981794,0.911966546370115,0.917977024339249,0.938548645912194,0.920982950508813,0.914090527803347,0.898050398558699,0.901351617506514,0.934648451224457,0.934106631386201,0.950320659149093,0.885579775481495,0.89064571524224,0.895420997041285,0.980632884177683,0.894441276614848,0.901419063617639,0.903384110435302,0.915896258932487,0.922530997832643,0.899935516078392,0.905864497158285,0.907887265927251,0.845342588985304,0.967425315676559,0.95741343717193,0.932468247730461,1.02286609198808,1.05837113610222,0.954133087680488,0.973638446765176
1.14140006038581,0.895236983244843,0.929137745827227,0.919688926162374,0.921050166370279,0.894455995449298,0.882752871943368,0.888578916375142,0.902025273013205,0.921899941528271,0.899035760990863,0.909661529709249,0.927968633368449,0.914114410498927,0.890156479934397,0.894719136444629,0,1.0613718403046,0.895964411971801,0.886611766942611,0.874159270580495,0.858180666872924,0.879327282406258,0.882665568432939,0.881114187465733,0.842065342241745,0.862764869831543,0.880790186315494,0.932586697589026,0.882405029011874,0.870188202974075,0.860410707388091,0.968214740873498,0.957763963933418,0.915747269139859,0.909453748342184,0.907972963497695,0.911622806565207,0.892459559384587,0.916420159596242,0.917289924439592,0.938115786898301,0.893134743817437,0.909691416617137,0.92755282197333,0.914357443518511,0.912428783368418,0.90338167486422,1.01411032900917,0.896550533723055,0.880445323802021,0.913242483273861,0.891770072803005,0.889380541800698,0.925685186642384,0.919409913129854,0.935699092071478,0.858325059048053,0.93774438896854,0.926877006367208,0.918759842318436,0.922784171239791,0.900998732725728,0.886794898727413
1.11859304484406,0.901102456838726,0.920745618324571,0.92174397944574,0.94261920244191,0.887965168411051,0.89905601649291,0.915165528464983,0.91111416709019,0.915256489139888,0.89585181374434,0.946307180158597,0.917944719813471,0.931500477653902,0.912008719867918,0.899810360447532,1.0613718403046,0,0.898463510130593,0.867072555644485,0.87510990891338,0.870791199609114,0.881382354786159,0.884457121387652,0.869861503859488,0.891819918856923,0.875569888051243,0.913305509255888,0.935838463586096,0.901620404768794,0.889186452054876,0.875146552934841,0.975554226310803,0.937463215911596,0.949633849597078,0.953021221390625,0.907633037000944,0.900593196850429,0.900749466601487,0.919041036558332,0.889032542480921,0.929909635701858,0.902736400543595,0.919420845830079,0.909441059301678,0.903874710988631,0.927005511987472,0.907324176229702,1.07490224485329,0.924631797542402,0.893214738983461,0.938436158869016,0.924520364361399,0.894308213679033,0.914902468212179,0.915622306159288,0.913230624901375,0.904283353553057,0.937978504257111,0.917203493949473,0.925247988440817,0.908295021424008,0.891933816807262,0.900642408115111
0.930295443118166,1.01715848407662,0.999514878676943,0.982555658660942,0.931025373318963,0.882695677530744,0.868718806069239,0.875968904770596,0.89369694496833,0.924401764241641,0.901193993823893,0.922124074037471,0.917005361195943,0.911095404968612,0.882978306569046,0.918404936581463,0.895964411971801,0.898463510130593,0,0.906010953344671,0.891971876894942,0.866691929445632,0.917518187486259,0.898006836311694,0.879607385153415,0.881210848912752,0.906786190395241,0.945524111418417,0.898838632744039,0.884908812323276,0.877146952028771,0.878612271371938,0.861380508203324,0.855525047290375,0.860118364708801,0.858650583468319,0.949188345750777,1.01000787314515,1.07352370756509,1.07172429145204,0.890066574653948,0.883025490850971,0.873569781710241,0.880977447781466,0.891152977283848,0.901307019169392,0.872000081093433,0.909927228030073,0.92073828465004,0.894025840192916,0.916530376641265,0.985787020492577,0.878836101769007,0.897473592770384,0.918687881254784,0.928758437443408,0.890730720502498,0.966622197602796,0.887830074734431,0.885283664605295,0.908448694766384,0.910586348871951,0.885127820607124,0.894724701450784
0.953429461521703,0.908715499480405,0.94051286558709,0.966450785769544,1.06747190274146,1.01997646406534,0.990192432712365,1.00564782382474,0.862691180957039,0.864408976037249,0.923568477043405,0.85529758771132,0.937070945826466,0.85586629544447,0.939930101913059,0.812940361858899,0.886611766942611,0.867072555644485,0.906010953344671,0,1.03165625532379,0.930412889004165,0.895896845322665,0.841681434026358,0.941438090034326,0.887539650364324,0.860185156326279,0.890749478230531,0.970084220149855,0.842806735177183,0.874274851475629,0.913464358573619,0.928158429465164,0.893176712023295,0.90076523540364,0.907342117518225,0.921928458188903,0.936412192413485,0.950703764733609,0.964409933914254,0.890545021688193,0.841291214226066,0.950129511695064,0.92724335810154,0.896237905173833,0.927824908316495,0.912220689083327,0.926884362407856,0.912763718367404,0.888272458671623,0.917293269708481,0.947204114439412,0.922423992087542,0.939021480097138,0.943842847719878,0.928346072955518,0.992141433009673,0.808643348082206,0.909113549393934,0.960762136844016,0.945886120713215,0.905395346010646,0.923813707746183,0.976095768500412
0.873234829203254,0.879301358023474,0.945986655916655,0.964922623320634,1.02598916286784,1.05330852428878,1.01623866320395,0.985596206417361,0.892732703123209,0.865895436267081,0.891674510102789,0.898653720928946,0.899444779793598,0.9082625580356,0.879033619050816,0.877406759720748,0.874159270580495,0.87510990891338,0.891971876894942,1.03165625532379,0,0.948512982082623,0.927097142248119,0.849939744242557,0.89099373508085,0.881022450515376,0.898888597247628,0.882240406689251,0.971001803618138,0.881892488321192,0.89160290680864,0.896449116513758,0.9136696287852,0.934715327984622,0.910107348879089,0.933955512108154,0.914646237991135,0.917707628173625,0.945391463584956,0.946287338019324,0.881449026789703,0.883808882409891,0.928488019507034,0.949454984481433,0.919541410276556,0.888276475578693,0.921244837436155,0.91836002020717,0.923445517059066,0.898224634725023,0.893320354968312,0.905156548335916,0.947671794599392,0.912568122804596,0.92634990149651,0.922354249678619,0.906320118711744,0.919183609994657,1.01316109877817,0.922325150760957,0.872193472697013,0.881013190021434,0.909911869285882,0.925847828498372
0.893996681230972,0.870146188347541,0.882607574197908,0.905110452999396,0.907489862540519,0.959697584160088,0.978752259684249,1.04441485061137,0.945043025146377,0.911172355964506,0.875654364088418,0.912024769364315,0.917229441217799,0.902454730511067,0.896019474751511,0.902552093255392,0.858180666872924,0.870791199609114,0.866691929445632,0.930412889004165,0.948512982082623,0,0.982545884975988,0.945525320283123,0.842163103403168,0.84119121868885,0.884037138770299,0.883544348370665,0.925027461012144,0.902196873842524,0.884667551607878,0.884237336502063,0.92323880337069,0.931135686968272,0.922083664535743,0.939864665834265,0.919287969690951,0.90997386392927,0.892509421582359,0.910513021645948,0.958056535970025,0.935368137923232,0.891034036281741,0.92292342020635,0.965443181872921,0.933562845936062,0.887795711957571,0.92736853403307,0.900009327570549,0.931821341072991,0.922925169346889,0.923846969903927,1.04647086668357,0.882253828140486,0.910045030804155,0.923916441946402,0.90536291453626,0.896858805840226,0.911548415786045,0.921609259873344,0.925365525621493,0.925369895585529,0.889591968266825,0.866789838253708
0.883966128477888,0.906382371522564,0.869366159419094,0.894581728655172,0.890403034547604,0.912224356520642,0.94670387788703,0.963524137375055,1.05511181452884,0.94639442035154,0.857843646979683,0.926869460599314,0.931924762440854,0.929732640633378,0.889366987358048,0.930739637584846,0.879327282406258,0.881382354786159,0.917518187486259,0.895896845322665,0.927097142248119,0.982545884975988,0,1.01219245839345,0.894470184941376,0.88296638166331,0.875197911200958,0.910524319331646,0.869518786846947,0.910326326249636,0.885251733584042,0.879153822283277,0.904658052267864,0.921137089960883,0.907875860388659,0.928439422661081,0.92001922530528,0.938339242110766,0.895654218474067,0.90797272059667,0.962773163866806,0.990421409722534,0.87136328847687,0.910711127435292,0.943171181596321,0.929345054475271,0.905230566883432,0.922916342385997,0.923031705548527,0.90001406283423,0.921089975976511,0.933375218736229,1.05277815145116,0.877216950050804,0.901506182277364,0.920159793954944,0.88775025237982,0.94153749872854,0.860797996840229,0.926130445560649,0.939337535249954,0.936560082997351,0.87250958147936,0.88305082723389
0.908932123336401,0.950238531149646,0.912638645952513,0.915324549806604,0.937836317019872,0.885102589564859,0.939528146961587,0.955406116156159,1.072095461091,1.01897521303134,0.909512025757023,0.904354816361829,0.938844504883711,0.940412681757394,0.892668346955832,0.906657726537181,0.882665568432939,0.884457121387652,0.898006836311694,0.841681434026358,0.849939744242557,0.945525320283123,1.01219245839345,0,0.949064868678205,0.889817325995737,0.879886301192583,0.944497974940535,0.839562543348767,0.944221634035607,0.884512570270661,0.880909225480864,0.896258166108815,0.906770454614124,0.887276743843072,0.910383818931564,0.917146468502356,0.928314928066072,0.936739376327468,0.887742247318578,1.04940537299979,0.989932144328154,0.897383171678442,0.902687690993524,0.934514961104145,0.89921332880679,0.920622704378728,0.911149214574621,0.915252879960012,0.905900696091481,0.943277468958921,0.950501783841666,0.972436267596704,0.877059044628582,0.911132873336625,0.915285063399882,0.92489261595874,0.913618469097827,0.912568201388535,0.963118368842462,0.938570876736049,0.911632768087529,0.875289287505768,0.905562738692468
0.943980237762024,0.945580558255515,0.897750015897114,0.887551817685433,0.889327420788067,0.930966036714842,0.890623066357329,0.872157120850975,0.914708552949115,0.970483477160935,1.09478167731325,0.896134700277417,0.901836425425277,0.915212577310359,0.936746498394936,0.87384819671308,0.881114187465733,0.869861503859488,0.879607385153415,0.941438090034326,0.89099373508085,0.842163103403168,0.894470184941376,0.949064868678205,0,0.902054204664574,0.901737399434222,0.900731819445613,0.999473756065063,0.868338864536418,0.911950171330453,0.913214786945997,0.903504766128173,0.896907946476924,0.910852138435677,0.907518694043437,0.944262631078042,0.945524368860504,0.926029193434376,0.882576395580366,0.973129262793362,1.07506574271091,0.99141447003533,0.903963956645647,0.896491369137338,0.898902508125787,0.917488827665862,0.881574317442801,0.930575749669924,0.916824424082832,0.906475878398194,0.94220677902751,0.911487656166928,0.97295099492258,0.945144180411344,0.915822867652356,0.970677318589338,0.90730337666127,0.991295437696625,0.947848712227752,0.87454009683071,0.87088158992079,0.897876045104251,0.942918898851911
0.897127963404895,0.893039196426808,0.916404141614654,0.926916543011377,0.933489031446747,0.934768597174749,0.872802166478899,0.892950340706868,0.859224474885574,0.915062267333713,0.975177279974309,0.938245126992913,0.925055311314184,0.919386317354918,0.902877836896343,0.928077565156577,0.842065342241745,0.891819918856923,0.881210848912752,0.887539650364324,0.881022450515376,0.84119121868885,0.88296638166331,0.889817325995737,0.902054204664574,0,1.06149865826499,0.88536078306042,0.908697933492425,0.870226159046175,0.872912590951045,0.890314081303689,0.906207327905953,0.90662605469262,0.922127518750851,0.936660935084815,0.888542768098536,0.884930266867807,0.871180016568015,0.895972428419884,0.896168401287232,0.942135169701518,0.982822172655649,1.00800976935817,0.908304983447312,0.89562956857318,0.879885876711793,0.929754351072155,0.885279094484337,0.904994633200083,0.918473029046959,0.94928130929715,0.856792376129788,1.03068517323827,0.960148613711484,0.959034662252874,0.884307048629456,0.926863505919361,0.897398482041255,0.914008704724568,0.894148418921316,0.91458852461902,0.861184184535544,0.877024885551261
0.901001324162016,0.919723570661831,0.934342122396584,0.94891049079208,0.955115436198032,0.917306232036651,0.907614244127709,0.901624935703478,0.89099084514646,0.901993552195649,0.948501906288584,0.979834454110495,0.956778242787382,0.94165479113279,0.922726087074162,0.956858615320825,0.862764869831543,0.875569888051243,0.906786190395241,0.860185156326279,0.898888597247628,0.884037138770299,0.875197911200958,0.879886301192583,0.901737399434222,1.06149865826499,0,0.921202254949329,0.887090337285545,0.88275060655444,0.862954007339459,0.89333813422766,0.906742301227985,0.922532151013158,0.915498973893337,0.934550563255633,0.896112587280771,0.880909195648101,0.870789064453799,0.90124674266133,0.885928900882367,0.938391721444937,0.977815338918707,1.02858086870727,0.916914796933126,0.908432434393329,0.898331090073988,0.91139750512288,0.87680769911616,0.952508965157134,0.925276411138922,0.910299962077154,0.859935746971943,0.98011031747531,1.01376133021647,0.97787629028221,0.862391491519033,0.911672575093429,0.910575497805448,0.892359270396557,0.937948744540643,0.946238674995645,0.875503574407629,0.863075424471634
0.918928473312582,0.926191716891158,0.929969895469299,0.969692465367415,0.927588353357864,0.916696874004597,0.89003866289911,0.890744205986494,0.896728660618447,0.92528567470202,0.935568277521425,0.908812365429065,0.922826294331692,0.991468791797223,0.954182678012868,0.893706588654797,0.880790186315494,0.913305509255888,0.945524111418417,0.890749478230531,0.882240406689251,0.883544348370665,0.910524319331646,0.944497974940535,0.900731819445613,0.88536078306042,0.921202254949329,0,0.968298147226773,0.889616723963345,0.89602344686198,0.945430180423242,0.901834397385419,0.926439101028857,0.922925942898691,0.917258898365489,0.899027712457518,0.912293714013221,0.86469740640856,0.863836617364061,0.901318133062917,0.901752324622648,0.887224814972248,0.893515466541875,0.935472136478867,0.976336665238446,1.06296256703538,1.13163904250716,0.896825011955806,0.9554319572055,0.940960269234343,0.927425927185068,0.876053344314909,0.909812706875505,0.89739933261603,0.914302756458669,1.02802671603576,1.14436410326624,0.935626450899406,0.902400761075525,0.90477711820932,0.893576127198655,0.856880119274586,0.922918396740182
0.942028110130384,0.961802095976079,0.933027591904644,0.838186148864825,0.829555537543409,0.971335548589522,0.959721793177974,0.952999872706486,0.881919606071904,0.968430888166736,0.99374721112377,0.962229738670746,0.950638567313509,0.991976583295263,0.992429164274827,1.0039154106212,0.932586697589026,0.935838463586096,0.898838632744039,0.970084220149855,0.971001803618138,0.925027461012144,0.869518786846947,0.839562543348767,0.999473756065063,0.908697933492425,0.887090337285545,0.968298147226773,0,0.91970018262543,0.883363182844452,0.883097459611942,0.919388897606791,0.912425393413838,0.899439695930702,0.908080978423896,1.00136765549356,0.911430152112355,0.924036741139624,0.964410004649375,0.918044329910228,0.904533077673125,0.982839209937956,0.913437193018637,0.930522415471503,0.984467458024523,1.01800311059583,0.941455494351448,0.885471488057176,0.926618329968074,0.945248276866229,0.948865035324129,0.880667731277847,0.908788463590064,0.85243547902073,0.845265181667082,0.957642015617317,0.965940771358842,1.10104452350125,1.02554401026587,0.952760080235866,0.959835114964372,0.913650226644794,0.851934272764013
0.861489604430759,0.879781549900293,0.940459740125853,0.948622419397965,0.980402748197026,0.883671228325876,0.882980926677569,0.859706598696122,0.940399749802127,0.898332742983765,0.89698055443973,0.941269921948639,0.923794524584166,0.936993905639141,1.02201095807103,1.04606182007941,0.882405029011874,0.901620404768794,0.884908812323276,0.842806735177183,0.881892488321192,0.902196873842524,0.910326326249636,0.944221634035607,0.868338864536418,0.870226159046175,0.88275060655444,0.889616723963345,0.91970018262543,0,1.00684088764907,0.963286153476686,0.923163373961405,0.920308554871172,0.982232777694988,0.983874396082611,0.934471149495249,0.919736209811069,0.933507280862773,0.894285265139269,0.912696968637695,0.889023980247584,0.902050412836944,0.951440740643073,0.979963673523367,0.934171893587717,0.898815381376235,0.886841605612624,0.929668788903477,0.88494320245785,0.901195759198688,0.902018266766208,0.883812533827512,0.914341725394877,0.929558349656238,0.918782113073929,0.878549279059564,0.888141171774669,0.981708607973274,1.00981032358631,0.956833777239219,0.978537134834916,0.953503117451352,1.01205676119111
0.896969456006538,0.95144424508248,0.912994023085548,0.923404294229142,0.924985771185007,0.888374708131142,0.910146455063005,0.918732119887569,0.92437677222856,0.916956948199023,0.900364086310395,0.946909831207189,0.930119877316893,0.944990714766612,0.955403722066795,1.00899615501353,0.870188202974075,0.889186452054876,0.877146952028771,0.874274851475629,0.89160290680864,0.884667551607878,0.885251733584042,0.884512570270661,0.911950171330453,0.872912590951045,0.862954007339459,0.89602344686198,0.883363182844452,1.00684088764907,0,0.990140460549698,0.92886445620216,0.905132305030688,0.930995733257269,0.953062851376399,0.919944937294309,0.922636197892979,0.914981583104622,0.914641964406599,0.876239646924795,0.90906786632129,0.923028556811069,0.934039847111958,0.958365889851861,0.923789130452072,0.921809537277188,0.910682778842913,0.899080095932022,0.878852152833405,0.888141024599042,0.920771372503916,0.877602101308202,0.878482351477636,0.897668598901814,0.879372219637595,0.87622987522462,0.865265189283693,0.910807771125382,0.942339376432684,0.945294113158577,0.967589885864798,1.02906358840098,1.03348518713134
0.917582417886165,0.939253798491597,0.895688681632974,0.900692178321671,0.921304334592507,0.95352970116692,0.899792892310386,0.917044118230096,0.893023154107587,0.902801724029126,0.93803783404044,0.910133788689871,0.955639479228925,0.947894011139647,0.896999836898327,1.00392744470818,0.860410707388091,0.875146552934841,0.878612271371938,0.913464358573619,0.896449116513758,0.884237336502063,0.879153822283277,0.880909225480864,0.913214786945997,0.890314081303689,0.89333813422766,0.945430180423242,0.883097459611942,0.963286153476686,0.990140460549698,0,0.916848254922566,0.927404189898156,0.920967585629168,0.938595151148436,0.926330320569433,0.933821272612968,0.926015845087855,0.905795869982914,0.898962194652928,0.926585107696265,0.928171962323419,0.896982346976529,0.906149922529417,0.952769042227902,0.940951739640792,0.929657120006823,0.875155262313961,0.908706508067965,0.908731685891753,0.905291082623863,0.855131797560819,0.87031610251224,0.874829511858358,0.885808452682767,0.892968905454136,0.886926652281625,0.849439503366306,0.859320928577824,0.885765696015733,0.918170621175038,1.11799564215433,1.18757519623246
1.01347394562564,0.880166300368724,0.862583603539277,0.889895536881214,0.918789622626419,0.930565252226165,0.921953711279229,0.9463219103525,0.901684107514338,0.868044190224181,0.914823483816631,0.882648814932421,0.884921598976926,0.897287526534385,0.900392478774663,0.923895486637797,0.968214740873498,0.975554226310803,0.861380508203324,0.928158429465164,0.9136696287852,0.92323880337069,0.904658052267864,0.896258166108815,0.903504766128173,0.906207327905953,0.906742301227985,0.901834397385419,0.919388897606791,0.923163373961405,0.92886445620216,0.916848254922566,0,0.974231264106464,0.911141597797001,0.926662883969991,0.881377089694852,0.856878086411856,0.843890068668737,0.848109705795947,0.835400618589597,0.872818082531751,0.88016333356896,0.890285375641918,0.871916255786374,0.871859734893219,0.856850516654171,0.90301150886358,1.02127310656643,0.913373495364729,0.911399057103261,0.922251345317965,0.896297929752036,0.9012333655266,0.877897693877226,0.894248876442919,0.854466919911144,0.925088536274975,0.890820772352777,0.913111244419929,0.890261585101701,0.894287946669335,0.913126750557267,0.898213127202873
0.998428077843929,0.896262707615877,0.875292450852676,0.909019384822267,0.941287209836638,0.928618019431967,0.937829853495722,0.954696972309854,0.892991186472011,0.880950489013515,0.930228495830858,0.894473454957794,0.899486681667213,0.889245088651447,0.915376602438814,0.937971219981794,0.957763963933418,0.937463215911596,0.855525047290375,0.893176712023295,0.934715327984622,0.931135686968272,0.921137089960883,0.906770454614124,0.896907946476924,0.90662605469262,0.922532151013158,0.926439101028857,0.912425393413838,0.920308554871172,0.905132305030688,0.927404189898156,0.974231264106464,0,0.989939630397236,0.964484533907635,0.90017191154726,0.834008302648838,0.844434987604414,0.821089220256203,0.8178480755472,0.857771654821477,0.875436923461118,0.882324667237063,0.851065126612678,0.862549850183934,0.874748037511066,0.904217780043049,0.964258335283734,0.95329785107777,0.925528563245397,0.957528166744615,0.906669465482954,0.911151769701523,0.902802059540328,0.893562548385572,0.867959405421144,0.918707158801559,0.894716012290919,0.907144651268151,0.917166217147145,0.905448056622921,0.910212215286923,0.935912585021242
0.921737763269284,0.923016545353866,0.884481116437449,0.90050780826779,0.925168202766596,0.919535745645389,0.932222801341777,0.951150558379482,0.920527673511926,0.893693090441357,0.909232726657556,0.894769080200162,0.894039366383379,0.882925621892281,0.924629751805884,0.911966546370115,0.915747269139859,0.949633849597078,0.860118364708801,0.90076523540364,0.910107348879089,0.922083664535743,0.907875860388659,0.887276743843072,0.910852138435677,0.922127518750851,0.915498973893337,0.922925942898691,0.899439695930702,0.982232777694988,0.930995733257269,0.920967585629168,0.911141597797001,0.989939630397236,0,1.00389352107236,0.894391455085909,0.853724265799469,0.851933500186494,0.807475947100424,0.824631938941615,0.837257949665535,0.875393095273093,0.902797737568018,0.873584731218116,0.852640473856981,0.861755598068062,0.912726545751417,0.948849326710404,0.970791701179844,0.947786383005378,0.95069424124766,0.900731906821598,0.902832518911579,0.867250163634325,0.878451227101163,0.84748080707671,0.95232187516878,0.886897075338458,0.91840486673837,0.863305702806008,0.868196547418829,0.89095618191702,0.91647309223116
